0.004          0.002          5.907         11.345
0.000          0.002         -1.436         14.220
0.013          0.002          5.198         10.559
0.000          0.002          1.729         14.319
0.043          0.002         -0.171          9.641
0.001          0.002         -6.574         11.910
0.001          0.002          9.742         10.767
0.001          0.002         -9.616         10.440
0.001          0.002          9.774         10.568
0.000          0.002          8.096         12.152
0.003          0.002         -8.402          9.946
0.000          0.002          2.528         12.961
0.000          0.002          5.947         12.682
0.002          0.002          8.530          9.505
0.035          0.002         -0.584         10.689
0.004          0.002         -7.526         10.413
0.007          0.002         -6.328         10.781
0.003          0.002         -1.336         12.277
0.000          0.002         -2.012         14.350
0.008          0.002          4.449          8.657
0.003          0.002         -5.566         11.721
0.015          0.002         -3.622          8.901
0.000          0.002          8.197          8.076
0.005          0.002          2.140         12.060
0.003          0.002          6.418          8.488
0.002          0.002         -8.960         10.307
0.032          0.002          0.495         10.819
0.000          0.002          6.985          6.944
0.000          0.002         -7.329         13.756
0.000          0.002         -3.931          6.418
0.000          0.002         -0.708         14.354
0.000          0.002          8.674         12.899
0.001          0.002          0.259         12.824
0.000          0.002          2.512          5.998
0.016          0.002          0.589          8.580
0.006          0.002         -5.888         11.099
0.000          0.002          7.209         14.058
0.000          0.002          2.717         13.567
0.024          0.002         -1.239          8.911
0.015          0.002         -4.082         10.950
0.000          0.002          0.444          6.913
0.000          0.002          8.154         12.615
0.004          0.002         -0.744         12.150
0.000          0.002          0.345          6.805
0.000          0.002         -0.960          5.244
0.045          0.002          0.019          9.993
0.014          0.002         -5.035         10.473
0.000          0.002          4.747         14.360
0.018          0.002         -4.228         10.642
0.001          0.002         -7.841          8.326
0.013          0.002          5.505         10.290
0.000          0.002         -7.902         12.680
0.017          0.002         -2.231          8.728
0.043          0.002          0.542          9.726
0.002          0.002          8.591          9.770
0.004          0.002         -1.468         12.167
0.003          0.002         -0.427          7.643
0.003          0.002          4.011         12.031
0.022          0.002          2.052         11.069
0.001          0.002          1.147         12.841
0.001          0.002          4.412         12.664
0.019          0.002          2.651         11.105
0.014          0.002         -5.192         10.437
0.004          0.002          7.188         10.845
0.001          0.002         -9.066         11.354
0.042          0.002         -1.045         10.230
0.012          0.002         -1.416         11.598
0.000          0.002         -5.824          5.273
0.000          0.002         -9.920          5.467
0.000          0.002          7.934         14.059
0.000          0.002         -2.500         14.507
0.000          0.002          7.008         13.662
0.011          0.002          3.130          8.560
0.005          0.002         -4.075          8.225
0.014          0.002          3.201          8.758
0.024          0.002         -2.610         10.865
0.014          0.002          3.571         11.130
0.000          0.002         -3.493          5.375
0.000          0.002         -2.251         14.101
0.000          0.002          5.027         13.760
0.002          0.002          2.763          7.717
0.000          0.002          3.956         13.259
0.014          0.002         -5.148         10.465
0.010          0.002         -4.978         10.956
0.007          0.002          2.256         11.850
0.000          0.002          2.254          6.759
0.000          0.002         -7.852         12.782
0.000          0.002          5.693         13.539
0.019          0.002          3.483         10.850
0.000          0.002          6.161         14.517
0.001          0.002         -7.841         11.720
0.000          0.002         -9.975          9.048
0.000          0.002          9.149          7.735
0.000          0.002         -4.668          5.596
0.017          0.002         -4.854         10.269
0.018          0.002          4.825          9.956
0.000          0.002          6.499         12.837
0.001          0.002          5.320          7.437
0.016          0.002          3.464         11.030
0.004          0.002         -2.785          7.904
0.000          0.002         -8.102          6.010
0.003          0.002         -6.694          8.673
0.000          0.002          8.544         11.945
0.007          0.002         -0.775         11.905
0.000          0.002          9.023         14.085
0.000          0.002         -0.114          5.848
0.000          0.002         -6.872         13.603
0.000          0.002          2.671         13.230
0.000          0.002         -8.326         13.709
0.019          0.002          2.200          8.839
0.000          0.002         -9.792         13.701
0.000          0.002         -5.554          6.842
0.022          0.002          2.345         11.017
0.004          0.002          3.502          8.019
0.001          0.002          0.759          7.348
0.000          0.002         -3.784          6.794
0.000          0.002         -6.569         13.204
0.022          0.002          0.397          8.819
0.036          0.002          2.122         10.352
0.017          0.002          4.420         10.594
0.000          0.002          5.709          7.137
0.012          0.002         -5.558          9.734
0.003          0.002         -0.226         12.403
0.000          0.002          0.251         14.989
0.000          0.002          1.789         14.591
0.001          0.002         -9.313         10.681
0.002          0.002          2.846          7.622
0.009          0.002         -6.046         10.435
0.000          0.002          6.497         14.874
0.000          0.002          5.623          6.673
0.001          0.002          2.161          7.291
0.000          0.002          9.579          6.826
0.000          0.002          9.240         13.364
0.000          0.002         -5.217          6.516
0.000          0.002          8.504          8.204
0.000          0.002         -3.751          7.059
0.010          0.002          4.908         11.041
0.010          0.002          1.950          8.341
0.000          0.002         -4.247         12.985
0.001          0.002          9.233          8.599
0.000          0.002         -9.862         13.088
0.003          0.002         -7.212         10.973
0.002          0.002          8.056         10.797
0.000          0.002          3.340         14.456
0.000          0.002         -8.614         13.579
0.000          0.002          2.168         13.145
0.037          0.002         -1.784         10.374
0.000          0.002         -9.967         13.937
0.000          0.002          9.910         13.230
0.000          0.002         -7.167         13.556
0.000          0.002         -1.457         13.934
0.003          0.002          6.167         11.606
0.000          0.002         -5.652         14.816
0.006          0.002         -4.287         11.642
0.000          0.002          8.043         14.277
0.003          0.002          8.295          9.578
0.000          0.002          3.340          6.934
0.000          0.002          9.550         14.236
0.000          0.002         -2.344          5.545
0.003          0.002          7.737          9.257
0.001          0.002         -3.210          7.263
0.000          0.002         -4.389          6.490
0.037          0.002          0.147          9.373
0.000          0.002         -6.065         13.252
0.000          0.002          8.774          7.679
0.000          0.002          5.617          5.910
0.011          0.002          5.614         10.547
0.000          0.002          6.211          6.779
0.008          0.002         -2.492          8.301
0.003          0.002          7.950          9.554
0.002          0.002          8.557         10.518
0.000          0.002          2.301          6.187
0.004          0.002          0.528         12.150
0.024          0.002         -3.535          9.456
0.000          0.002         -8.889          6.536
0.008          0.002          1.198          8.157
0.000          0.002         -8.822         12.192
0.000          0.002          8.443         14.673
0.005          0.002          2.019          7.936
0.042          0.002          1.235          9.831
0.000          0.002          7.668         12.666
0.000          0.002          3.327         13.971
0.000          0.002         -0.634         13.478
0.000          0.002         -9.533         13.880
0.000          0.002          0.592         13.610
0.000          0.002         -0.313         13.481
0.000          0.002          1.098          6.587
0.010          0.002          3.088          8.528
0.000          0.002         -2.898          6.051
0.042          0.002         -0.651         10.381
0.000          0.002          2.941         14.398
0.000          0.002          8.825          7.853
0.001          0.002         -9.868          9.540
0.007          0.002         -5.988         10.854
0.005          0.002         -6.703          9.022
0.001          0.002         -8.621         11.704
0.001          0.002          8.690          8.578
0.003          0.002          1.660          7.723
0.000          0.002          5.459         13.541
0.011          0.002          5.375         10.694
0.000          0.002          4.566         13.573
0.001          0.002          3.068          7.496
0.000          0.002         -6.653          5.790
0.000          0.002          9.343          5.404
0.010          0.002         -2.204         11.608
0.002          0.002         -6.421          8.315
0.000          0.002         -8.077         12.981
0.000          0.002         -9.615         11.575
0.001          0.002         -6.511         12.016
0.009          0.002         -5.516         10.865
0.009          0.002          5.675          9.151
0.000          0.002         -8.134         14.822
0.000          0.002         -4.899         14.374
0.000          0.002          2.264         14.153
0.000          0.002         -6.638         12.706
0.043          0.002         -0.556         10.304
0.002          0.002          5.255          8.056
0.010          0.002         -4.475          8.837
0.000          0.002          4.731          5.079
0.003          0.002          4.187         12.070
0.000          0.002         -2.263          5.782
0.000          0.002         -5.638         14.797
0.000          0.002         -3.642          5.967
0.000          0.002          2.037          6.661
0.006          0.002         -6.933         10.020
0.000          0.002          8.294         13.007
0.007          0.002          6.709         10.231
0.000          0.002          1.969         13.944
0.000          0.002          1.137         13.745
0.017          0.002          4.801         10.195
0.004          0.002          6.756          8.839
0.002          0.002          8.417         10.822
0.001          0.002          8.766         11.258
0.010          0.002          6.027          9.982
0.000          0.002         -2.802         14.672
0.003          0.002         -6.393          8.613
0.000          0.002          2.756         13.825
0.005          0.002         -4.315          8.286
0.008          0.002          4.406         11.410
0.008          0.002          6.404         10.131
0.008          0.002         -5.847         10.774
0.007          0.002          6.607          9.765
0.000          0.002          7.297          6.881
0.009          0.002          5.557          9.142
0.008          0.002          3.125         11.664
0.012          0.002         -2.101          8.508
0.003          0.002         -6.422         11.395
0.000          0.002         -0.356         13.958
0.007          0.002          3.859          8.430
0.004          0.002         -6.686         11.157
0.000          0.002          9.242          7.496
0.000          0.002         -9.286          5.674
0.000          0.002          8.348          7.984
0.000          0.002         -3.080          6.014
0.007          0.002          3.776          8.402
0.004          0.002          7.317          9.386
0.004          0.002          5.859          8.524
0.007          0.002         -6.436          9.364
0.000          0.002          9.903          5.814
0.000          0.002         -8.883          5.618
0.004          0.002          4.309          8.154
0.001          0.002          9.685          9.519
0.000          0.002         -5.472         13.698
0.001          0.002         -9.725         10.212
0.000          0.002          3.353         13.795
0.001          0.002         -8.690         11.671
0.000          0.002         -6.748          5.613
0.037          0.002         -1.900          9.690
0.005          0.002          2.336         11.998
0.001          0.002          2.490         12.646
0.000          0.002         -7.491          6.252
0.001          0.002          8.718         10.974
0.000          0.002         -0.461         13.071
0.028          0.002          3.148         10.395
0.001          0.002         -9.608          9.529
0.007          0.002         -3.975         11.586
0.002          0.002         -4.866         12.019
0.041          0.002         -1.489          9.807
0.039          0.002         -1.734          9.723
0.000          0.002          2.759          6.896
0.002          0.002          7.571         11.215
0.001          0.002          1.463          7.206
0.033          0.002          2.609          9.692
0.000          0.002          8.486          5.061
0.000          0.002          9.201         13.376
0.000          0.002         -4.996          7.342
0.009          0.002          6.065          9.447
0.001          0.002          1.326         12.676
0.001          0.002          3.631         12.807
0.000          0.002         -9.937         13.094
0.007          0.002          1.844          8.126
0.000          0.002         -6.158          6.549
0.000          0.002         -6.812         12.830
0.000          0.002         -1.910         13.947
0.001          0.002         -7.920          8.314
0.012          0.002         -5.238          9.405
0.001          0.002         -3.582          7.220
0.005          0.002          7.320          9.892
0.007          0.002         -4.590          8.592
0.001          0.002         -8.912          8.987
0.000          0.002         -9.096         14.691
0.038          0.002         -0.692          9.442
0.000          0.002         -2.354          6.528
0.003          0.002         -3.057         12.145
0.026          0.002         -3.642          9.835
0.000          0.002         -5.201         13.183
0.000          0.002         -1.861         14.491
0.004          0.002         -6.521          8.742
0.000          0.002         -0.414         13.248
0.015          0.002         -3.010          8.806
0.000          0.002          4.869         13.901
0.042          0.002         -1.450          9.896
0.012          0.002          5.718         10.177
0.001          0.002          1.866         12.853
0.000          0.002          2.501         14.822
0.038          0.002          1.532         10.435
0.032          0.002         -0.615          9.198
0.012          0.002          5.640         10.044
0.029          0.002         -2.619          9.424
0.001          0.002         -3.723          7.247
0.009          0.002         -2.597         11.620
0.001          0.002         -8.410         11.402
0.025          0.002          1.815         10.954
0.000          0.002         -7.211         14.100
0.001          0.002          6.158          7.586
0.030          0.002          0.698         10.895
0.013          0.002         -4.656         10.849
0.000          0.002         -9.180          8.355
0.000          0.002         -2.273          5.113
0.001          0.002          6.922          8.230
0.000          0.002         -8.417         12.889
0.043          0.002          0.924         10.195
0.000          0.002          5.778         12.748
0.000          0.002          1.250         13.267
0.000          0.002         -5.134         13.634
0.000          0.002         -9.449         14.272
0.000          0.002         -9.454          7.538
0.000          0.002          5.565          6.946
0.000          0.002         -0.124         14.718
0.000          0.002         -7.693         12.449
0.004          0.002          4.553         11.788
0.000          0.002          6.622          6.596
0.002          0.002          8.960          9.992
0.000          0.002         -4.881          5.298
0.000          0.002          9.939          7.348
0.020          0.002          1.341         11.236
0.004          0.002         -3.150          7.932
0.000          0.002          8.046         14.501
0.006          0.002          6.926         10.248
0.003          0.002         -5.192         11.800
0.004          0.002          7.791          9.671
0.000          0.002         -6.894          6.636
0.001          0.002         -5.565         12.139
0.001          0.002          9.181         10.737
0.007          0.002         -2.127          8.174
0.000          0.002         -9.314         14.831
0.000          0.002         -8.927          8.098
0.021          0.002         -1.947          8.872
0.000          0.002         -7.502         13.735
0.033          0.002          1.761          9.396
0.040          0.002         -1.027         10.394
0.001          0.002         -2.421         12.544
0.007          0.002         -6.196          9.232
0.000          0.002          6.673          6.318
0.000          0.002          0.610          5.729
0.000          0.002         -1.202          6.209
0.000          0.002         -5.287         13.784
0.001          0.002         -7.409         11.684
0.001          0.002         -9.802          9.212
0.032          0.002         -1.468          9.292
0.039          0.002         -1.971         10.119
0.000          0.002          0.045         13.020
0.000          0.002          9.346         13.988
0.000          0.002          4.764         13.095
0.016          0.002         -4.236         10.796
0.000          0.002         -5.380         14.970
0.004          0.002          7.757         10.322
0.000          0.002          5.705         14.483
0.000          0.002          9.472         13.837
0.000          0.002         -8.256          5.044
0.001          0.002         -9.477         11.178
0.001          0.002         -5.937         12.160
0.000          0.002         -9.687          6.303
0.002          0.002          1.599         12.557
0.005          0.002          6.324          8.896
0.036          0.002         -1.458         10.542
0.000          0.002          2.886          5.727
0.000          0.002          8.746          7.435
0.000          0.002          1.094          6.686
0.037          0.002          1.789         10.401
0.000          0.002         -8.140          5.402
0.000          0.002          4.573          5.048
0.001          0.002         -8.769         11.594
0.002          0.002          8.747         10.650
0.000          0.002          5.022         13.559
0.006          0.002          6.949         10.226
0.011          0.002         -5.846          9.747
0.000          0.002         -9.368         13.199
0.011          0.002         -5.703          9.650
0.000          0.002          8.749          5.097
0.021          0.002          2.711         10.960
0.001          0.002         -9.439         10.848
0.000          0.002         -8.853          7.529
0.000          0.002         -7.717          7.505
0.001          0.002         -0.840          7.295
0.006          0.002          6.042          9.028
0.030          0.002          0.456         10.890
0.026          0.002          2.505         10.777
0.000          0.002          4.779          5.124
0.002          0.002         -6.794         11.628
0.014          0.002          0.082          8.457
0.018          0.002          0.155          8.642
0.019          0.002         -4.576         10.027
0.032          0.002         -1.614          9.311
0.039          0.002          1.619          9.686
0.013          0.002         -4.859         10.756
0.015          0.002          0.700         11.481
0.004          0.002          7.639         10.307
0.003          0.002          3.209          7.878
0.000          0.002         -2.043          6.955
0.000          0.002         -1.123         13.412
0.003          0.002          2.036          7.791
0.000          0.002          6.392          6.539
0.000          0.002          9.522         13.414
0.000          0.002          4.471          5.507
0.000          0.002          6.210         12.565
0.025          0.002          1.165          8.949
0.000          0.002         -1.582         13.291
0.000          0.002         -9.130         12.859
0.000          0.002          0.670         14.652
0.001          0.002         -9.786          9.932
0.004          0.002         -7.211         10.895
0.001          0.002         -8.134          8.452
0.034          0.002         -0.779          9.279
0.001          0.002          7.060         12.007
0.021          0.002         -0.393          8.762
0.000          0.002          3.784          7.195
0.006          0.002         -2.786          8.187
0.000          0.002         -8.239         14.448
0.000          0.002          4.128         14.418
0.000          0.002          5.551          5.592
0.000          0.002          0.131          6.218
0.000          0.002         -9.089         13.791
0.000          0.002         -4.723          5.335
0.000          0.002          9.536          8.580
0.002          0.002          4.603          7.876
0.001          0.002         -5.586          7.713
0.000          0.002         -4.184          5.818
0.000          0.002         -0.436         14.267
0.000          0.002         -5.804         14.913
0.000          0.002         -4.781          5.884
0.013          0.002         -0.217         11.569
0.000          0.002         -7.349          5.677
0.000          0.002         -1.322          5.104
0.000          0.002         -9.789         13.643
0.000          0.002          2.300          6.997
0.000          0.002         -2.158         14.183
0.000          0.002         -4.644         13.113
0.021          0.002         -3.103         10.884
0.000          0.002         -1.273          5.139
0.003          0.002         -7.495         10.955
0.000          0.002          6.672          5.956
0.000          0.002         -1.363          6.495
0.000          0.002          6.099          5.745
0.000          0.002         -4.263         14.435
0.026          0.002          3.405          9.599
0.000          0.002         -2.547         13.382
0.001          0.002          4.627          7.514
0.000          0.002          1.533         13.109
0.003          0.002          8.313          9.724
0.045          0.002          0.339         10.126
0.015          0.002         -4.017         10.946
0.000          0.002          9.950          5.509
0.013          0.002         -4.590         10.874
0.031          0.002          2.949         10.293
0.000          0.002         -9.490          6.400
0.000          0.002          7.258          5.653
0.000          0.002         -7.202          7.285
0.009          0.002         -1.962         11.732
0.000          0.002          7.779          5.976
0.024          0.002          3.648         10.412
0.000          0.002         -5.507         12.800
0.003          0.002         -8.256         10.335
0.005          0.002          2.305          7.981
0.001          0.002          3.905          7.574
0.000          0.002         -1.987          6.479
0.000          0.002         -8.797         14.153
0.000          0.002          6.628         14.530
0.000          0.002          2.718         14.464
0.012          0.002         -5.289          9.378
0.000          0.002          2.466         14.716
0.003          0.002          6.506          8.543
0.016          0.002          4.681         10.517
0.000          0.002         -3.301         14.607
0.013          0.002          0.171          8.406
0.003          0.002         -1.141         12.264
0.038          0.002          0.841          9.452
0.009          0.002          6.281          9.700
0.000          0.002          3.141         14.356
0.019          0.002          4.574         10.038
