0.001          0.008          5.907         11.345         -4.772
0.000          0.008         -1.436         14.220         -4.872
0.000          0.008          5.198         10.559         -3.493
0.000          0.008          1.729         14.319         -5.990
0.000          0.008         -0.171          9.641         -4.027
0.003          0.008         -6.574         11.910         -4.893
0.000          0.008          9.742         10.767         -3.366
0.000          0.008         -9.616         10.440         -3.502
0.000          0.008          9.774         10.568         -3.683
0.000          0.008          8.096         12.152         -4.385
0.000          0.008         -8.402          9.946         -4.155
0.000          0.008          2.528         12.961         -3.721
0.000          0.008          5.947         12.682         -5.266
0.000          0.008          8.530          9.505         -4.253
0.000          0.008         -0.584         10.689         -3.600
0.014          0.008         -7.526         10.413         -5.063
0.010          0.008         -6.328         10.781         -4.859
0.000          0.008         -1.336         12.277         -3.382
0.000          0.008         -2.012         14.350         -3.578
0.000          0.008          4.449          8.657         -5.988
0.000          0.008         -5.566         11.721         -6.231
0.000          0.008         -3.622          8.901         -3.273
0.000          0.008          8.197          8.076         -4.475
0.001          0.008          2.140         12.060         -4.765
0.000          0.008          6.418          8.488         -4.014
0.000          0.008         -8.960         10.307         -6.763
0.000          0.008          0.495         10.819         -5.762
0.000          0.008          6.985          6.944         -3.048
0.000          0.008         -7.329         13.756         -3.868
0.000          0.008         -3.931          6.418         -3.940
0.000          0.008         -0.708         14.354         -5.450
0.000          0.008          8.674         12.899         -4.856
0.000          0.008          0.259         12.824         -3.227
0.000          0.008          2.512          5.998         -5.480
0.000          0.008          0.589          8.580         -4.128
0.000          0.008         -5.888         11.099         -3.434
0.000          0.008          7.209         14.058         -5.483
0.000          0.008          2.717         13.567         -5.149
0.000          0.008         -1.239          8.911         -4.253
0.000          0.008         -4.082         10.950         -5.448
0.000          0.008          0.444          6.913         -5.590
0.000          0.008          8.154         12.615         -4.349
0.000          0.008         -0.744         12.150         -6.011
0.000          0.008          0.345          6.805         -4.868
0.000          0.008         -0.960          5.244         -4.135
0.154          0.008          0.019          9.993         -5.057
0.000          0.008         -5.035         10.473         -6.929
0.000          0.008          4.747         14.360         -4.567
0.052          0.008         -4.228         10.642         -4.921
0.002          0.008         -7.841          8.326         -5.122
0.000          0.008          5.505         10.290         -5.368
0.000          0.008         -7.902         12.680         -4.228
0.057          0.008         -2.231          8.728         -4.945
0.000          0.008          0.542          9.726         -4.312
0.000          0.008          8.591          9.770         -3.613
0.000          0.008         -1.468         12.167         -5.520
0.003          0.008         -0.427          7.643         -4.834
0.000          0.008          4.011         12.031         -6.549
0.000          0.008          2.052         11.069         -3.948
0.000          0.008          1.147         12.841         -3.150
0.000          0.008          4.412         12.664         -3.140
0.005          0.008          2.651         11.105         -5.235
0.000          0.008         -5.192         10.437         -6.202
0.000          0.008          7.188         10.845         -6.020
0.002          0.008         -9.066         11.354         -5.057
0.000          0.008         -1.045         10.230         -3.290
0.000          0.008         -1.416         11.598         -4.318
0.000          0.008         -5.824          5.273         -3.388
0.000          0.008         -9.920          5.467         -6.526
0.000          0.008          7.934         14.059         -5.473
0.000          0.008         -2.500         14.507         -5.999
0.000          0.008          7.008         13.662         -5.104
0.000          0.008          3.130          8.560         -4.670
0.000          0.008         -4.075          8.225         -6.424
0.000          0.008          3.201          8.758         -6.291
0.001          0.008         -2.610         10.865         -4.691
0.000          0.008          3.571         11.130         -6.904
0.000          0.008         -3.493          5.375         -4.758
0.000          0.008         -2.251         14.101         -4.018
0.000          0.008          5.027         13.760         -5.884
0.000          0.008          2.763          7.717         -5.430
0.000          0.008          3.956         13.259         -6.385
0.000          0.008         -5.148         10.465         -5.447
0.000          0.008         -4.978         10.956         -4.392
0.000          0.008          2.256         11.850         -4.227
0.000          0.008          2.254          6.759         -5.640
0.000          0.008         -7.852         12.782         -5.676
0.000          0.008          5.693         13.539         -5.398
0.000          0.008          3.483         10.850         -5.753
0.000          0.008          6.161         14.517         -4.808
0.000          0.008         -7.841         11.720         -5.246
0.001          0.008         -9.975          9.048         -5.159
0.000          0.008          9.149          7.735         -5.248
0.000          0.008         -4.668          5.596         -5.450
0.000          0.008         -4.854         10.269         -6.285
0.000          0.008          4.825          9.956         -4.116
0.000          0.008          6.499         12.837         -4.057
0.000          0.008          5.320          7.437         -4.026
0.000          0.008          3.464         11.030         -6.849
0.000          0.008         -2.785          7.904         -4.373
0.000          0.008         -8.102          6.010         -5.937
0.000          0.008         -6.694          8.673         -3.305
0.000          0.008          8.544         11.945         -4.082
0.000          0.008         -0.775         11.905         -5.353
0.000          0.008          9.023         14.085         -6.903
0.000          0.008         -0.114          5.848         -3.351
0.000          0.008         -6.872         13.603         -6.125
0.000          0.008          2.671         13.230         -3.528
0.000          0.008         -8.326         13.709         -6.755
0.000          0.008          2.200          8.839         -5.455
0.000          0.008         -9.792         13.701         -3.969
0.000          0.008         -5.554          6.842         -6.558
0.000          0.008          2.345         11.017         -6.463
0.000          0.008          3.502          8.019         -3.599
0.000          0.008          0.759          7.348         -6.042
0.000          0.008         -3.784          6.794         -3.033
0.000          0.008         -6.569         13.204         -3.146
0.000          0.008          0.397          8.819         -6.800
0.081          0.008          2.122         10.352         -5.106
0.000          0.008          4.420         10.594         -6.775
0.000          0.008          5.709          7.137         -5.477
0.000          0.008         -5.558          9.734         -5.686
0.000          0.008         -0.226         12.403         -4.736
0.000          0.008          0.251         14.989         -6.494
0.000          0.008          1.789         14.591         -6.586
0.000          0.008         -9.313         10.681         -6.398
0.000          0.008          2.846          7.622         -4.571
0.000          0.008         -6.046         10.435         -6.500
0.000          0.008          6.497         14.874         -3.240
0.000          0.008          5.623          6.673         -4.555
0.000          0.008          2.161          7.291         -3.822
0.000          0.008          9.579          6.826         -4.806
0.000          0.008          9.240         13.364         -5.233
0.000          0.008         -5.217          6.516         -3.636
0.000          0.008          8.504          8.204         -5.504
0.000          0.008         -3.751          7.059         -3.004
0.014          0.008          4.908         11.041         -5.146
0.002          0.008          1.950          8.341         -4.751
0.000          0.008         -4.247         12.985         -3.007
0.000          0.008          9.233          8.599         -4.536
0.000          0.008         -9.862         13.088         -5.857
0.000          0.008         -7.212         10.973         -6.018
0.000          0.008          8.056         10.797         -5.412
0.000          0.008          3.340         14.456         -3.028
0.000          0.008         -8.614         13.579         -6.581
0.000          0.008          2.168         13.145         -6.109
0.000          0.008         -1.784         10.374         -4.485
0.000          0.008         -9.967         13.937         -6.954
0.000          0.008          9.910         13.230         -5.893
0.000          0.008         -7.167         13.556         -4.477
0.000          0.008         -1.457         13.934         -4.878
0.000          0.008          6.167         11.606         -4.599
0.000          0.008         -5.652         14.816         -3.448
0.000          0.008         -4.287         11.642         -5.580
0.000          0.008          8.043         14.277         -3.254
0.000          0.008          8.295          9.578         -6.339
0.000          0.008          3.340          6.934         -6.514
0.000          0.008          9.550         14.236         -4.386
0.000          0.008         -2.344          5.545         -6.623
0.001          0.008          7.737          9.257         -5.207
0.000          0.008         -3.210          7.263         -6.912
0.000          0.008         -4.389          6.490         -6.777
0.000          0.008          0.147          9.373         -4.184
0.000          0.008         -6.065         13.252         -5.026
0.000          0.008          8.774          7.679         -6.317
0.000          0.008          5.617          5.910         -6.197
0.000          0.008          5.614         10.547         -5.546
0.000          0.008          6.211          6.779         -6.210
0.000          0.008         -2.492          8.301         -5.339
0.011          0.008          7.950          9.554         -5.046
0.000          0.008          8.557         10.518         -4.613
0.000          0.008          2.301          6.187         -3.475
0.000          0.008          0.528         12.150         -6.003
0.000          0.008         -3.535          9.456         -6.949
0.000          0.008         -8.889          6.536         -3.578
0.000          0.008          1.198          8.157         -6.379
0.000          0.008         -8.822         12.192         -4.209
0.000          0.008          8.443         14.673         -3.106
0.000          0.008          2.019          7.936         -6.121
0.106          0.008          1.235          9.831         -4.904
0.000          0.008          7.668         12.666         -4.579
0.000          0.008          3.327         13.971         -3.009
0.000          0.008         -0.634         13.478         -5.019
0.000          0.008         -9.533         13.880         -4.329
0.000          0.008          0.592         13.610         -4.566
0.000          0.008         -0.313         13.481         -6.389
0.000          0.008          1.098          6.587         -3.322
0.000          0.008          3.088          8.528         -6.954
0.000          0.008         -2.898          6.051         -3.420
0.000          0.008         -0.651         10.381         -6.317
0.000          0.008          2.941         14.398         -5.119
0.000          0.008          8.825          7.853         -3.021
0.001          0.008         -9.868          9.540         -4.867
0.000          0.008         -5.988         10.854         -6.629
0.000          0.008         -6.703          9.022         -5.395
0.000          0.008         -8.621         11.704         -5.252
0.000          0.008          8.690          8.578         -6.698
0.000          0.008          1.660          7.723         -3.208
0.000          0.008          5.459         13.541         -6.631
0.000          0.008          5.375         10.694         -5.372
0.000          0.008          4.566         13.573         -6.894
0.000          0.008          3.068          7.496         -3.422
0.000          0.008         -6.653          5.790         -5.272
0.000          0.008          9.343          5.404         -5.765
0.000          0.008         -2.204         11.608         -3.668
0.000          0.008         -6.421          8.315         -3.774
0.000          0.008         -8.077         12.981         -6.770
0.000          0.008         -9.615         11.575         -3.433
0.000          0.008         -6.511         12.016         -4.001
0.007          0.008         -5.516         10.865         -5.182
0.000          0.008          5.675          9.151         -4.244
0.000          0.008         -8.134         14.822         -3.700
0.000          0.008         -4.899         14.374         -3.401
0.000          0.008          2.264         14.153         -3.599
0.000          0.008         -6.638         12.706         -4.381
0.001          0.008         -0.556         10.304         -4.688
0.000          0.008          5.255          8.056         -6.682
0.000          0.008         -4.475          8.837         -3.001
0.000          0.008          4.731          5.079         -4.327
0.002          0.008          4.187         12.070         -5.195
0.000          0.008         -2.263          5.782         -6.019
0.000          0.008         -5.638         14.797         -5.209
0.000          0.008         -3.642          5.967         -4.039
0.000          0.008          2.037          6.661         -6.617
0.025          0.008         -6.933         10.020         -5.022
0.000          0.008          8.294         13.007         -4.189
0.000          0.008          6.709         10.231         -5.928
0.000          0.008          1.969         13.944         -4.320
0.000          0.008          1.137         13.745         -3.565
0.000          0.008          4.801         10.195         -3.721
0.000          0.008          6.756          8.839         -6.222
0.000          0.008          8.417         10.822         -5.755
0.000          0.008          8.766         11.258         -5.670
0.000          0.008          6.027          9.982         -6.586
0.000          0.008         -2.802         14.672         -5.456
0.000          0.008         -6.393          8.613         -4.276
0.000          0.008          2.756         13.825         -3.387
0.000          0.008         -4.315          8.286         -6.744
0.000          0.008          4.406         11.410         -6.398
0.029          0.008          6.404         10.131         -4.944
0.000          0.008         -5.847         10.774         -3.570
0.006          0.008          6.607          9.765         -5.175
0.000          0.008          7.297          6.881         -6.334
0.000          0.008          5.557          9.142         -5.875
0.000          0.008          3.125         11.664         -6.818
0.011          0.008         -2.101          8.508         -5.175
0.000          0.008         -6.422         11.395         -6.112
0.000          0.008         -0.356         13.958         -4.399
0.000          0.008          3.859          8.430         -3.385
0.000          0.008         -6.686         11.157         -3.023
0.000          0.008          9.242          7.496         -6.967
0.000          0.008         -9.286          5.674         -6.191
0.000          0.008          8.348          7.984         -5.822
0.000          0.008         -3.080          6.014         -5.943
0.000          0.008          3.776          8.402         -6.514
0.000          0.008          7.317          9.386         -3.083
0.000          0.008          5.859          8.524         -4.048
0.000          0.008         -6.436          9.364         -4.491
0.000          0.008          9.903          5.814         -5.623
0.000          0.008         -8.883          5.618         -3.843
0.000          0.008          4.309          8.154         -5.373
0.000          0.008          9.685          9.519         -4.339
0.000          0.008         -5.472         13.698         -6.922
0.000          0.008         -9.725         10.212         -3.748
0.000          0.008          3.353         13.795         -6.279
0.000          0.008         -8.690         11.671         -4.118
0.000          0.008         -6.748          5.613         -5.350
0.000          0.008         -1.900          9.690         -3.893
0.000          0.008          2.336         11.998         -6.855
0.000          0.008          2.490         12.646         -4.187
0.000          0.008         -7.491          6.252         -3.963
0.000          0.008          8.718         10.974         -3.034
0.000          0.008         -0.461         13.071         -6.695
0.000          0.008          3.148         10.395         -6.132
0.000          0.008         -9.608          9.529         -4.247
0.027          0.008         -3.975         11.586         -5.005
0.000          0.008         -4.866         12.019         -6.832
0.000          0.008         -1.489          9.807         -6.005
0.000          0.008         -1.734          9.723         -3.469
0.000          0.008          2.759          6.896         -4.758
0.000          0.008          7.571         11.215         -3.975
0.000          0.008          1.463          7.206         -5.576
0.000          0.008          2.609          9.692         -3.660
0.000          0.008          8.486          5.061         -6.009
0.000          0.008          9.201         13.376         -3.807
0.000          0.008         -4.996          7.342         -5.524
0.000          0.008          6.065          9.447         -3.005
0.000          0.008          1.326         12.676         -5.524
0.000          0.008          3.631         12.807         -4.169
0.000          0.008         -9.937         13.094         -6.493
0.000          0.008          1.844          8.126         -6.936
0.000          0.008         -6.158          6.549         -6.547
0.000          0.008         -6.812         12.830         -3.484
0.000          0.008         -1.910         13.947         -6.898
0.000          0.008         -7.920          8.314         -5.767
0.000          0.008         -5.238          9.405         -6.245
0.000          0.008         -3.582          7.220         -4.433
0.000          0.008          7.320          9.892         -3.005
0.001          0.008         -4.590          8.592         -5.276
0.000          0.008         -8.912          8.987         -3.679
0.000          0.008         -9.096         14.691         -6.771
0.000          0.008         -0.692          9.442         -3.444
0.000          0.008         -2.354          6.528         -5.167
0.010          0.008         -3.057         12.145         -5.059
0.000          0.008         -3.642          9.835         -3.781
0.000          0.008         -5.201         13.183         -3.612
0.000          0.008         -1.861         14.491         -6.370
0.000          0.008         -6.521          8.742         -3.414
0.000          0.008         -0.414         13.248         -5.860
0.000          0.008         -3.010          8.806         -3.811
0.000          0.008          4.869         13.901         -6.966
0.000          0.008         -1.450          9.896         -5.885
0.000          0.008          5.718         10.177         -4.310
0.000          0.008          1.866         12.853         -3.419
0.000          0.008          2.501         14.822         -4.070
0.000          0.008          1.532         10.435         -3.227
0.000          0.008         -0.615          9.198         -6.591
0.000          0.008          5.640         10.044         -4.367
0.000          0.008         -2.619          9.424         -4.332
0.000          0.008         -3.723          7.247         -6.825
0.000          0.008         -2.597         11.620         -3.907
0.000          0.008         -8.410         11.402         -5.318
0.000          0.008          1.815         10.954         -6.482
0.000          0.008         -7.211         14.100         -4.458
0.002          0.008          6.158          7.586         -4.972
0.000          0.008          0.698         10.895         -6.562
0.000          0.008         -4.656         10.849         -4.008
0.000          0.008         -9.180          8.355         -6.933
0.000          0.008         -2.273          5.113         -3.915
0.005          0.008          6.922          8.230         -5.000
0.000          0.008         -8.417         12.889         -4.644
0.000          0.008          0.924         10.195         -5.428
0.000          0.008          5.778         12.748         -5.691
0.000          0.008          1.250         13.267         -5.552
0.000          0.008         -5.134         13.634         -4.235
0.000          0.008         -9.449         14.272         -3.338
0.000          0.008         -9.454          7.538         -4.478
0.000          0.008          5.565          6.946         -3.810
0.000          0.008         -0.124         14.718         -6.610
0.000          0.008         -7.693         12.449         -4.045
0.000          0.008          4.553         11.788         -6.724
0.000          0.008          6.622          6.596         -6.986
0.001          0.008          8.960          9.992         -5.222
0.000          0.008         -4.881          5.298         -4.046
0.000          0.008          9.939          7.348         -5.904
0.042          0.008          1.341         11.236         -4.888
0.000          0.008         -3.150          7.932         -3.583
0.000          0.008          8.046         14.501         -5.645
0.000          0.008          6.926         10.248         -6.767
0.000          0.008         -5.192         11.800         -5.369
0.000          0.008          7.791          9.671         -6.047
0.000          0.008         -6.894          6.636         -6.039
0.003          0.008         -5.565         12.139         -5.093
0.000          0.008          9.181         10.737         -3.109
0.027          0.008         -2.127          8.174         -4.966
0.000          0.008         -9.314         14.831         -4.181
0.000          0.008         -8.927          8.098         -5.621
0.081          0.008         -1.947          8.872         -5.020
0.000          0.008         -7.502         13.735         -4.932
0.000          0.008          1.761          9.396         -6.191
0.000          0.008         -1.027         10.394         -6.582
0.000          0.008         -2.421         12.544         -6.039
0.001          0.008         -6.196          9.232         -4.719
0.000          0.008          6.673          6.318         -4.917
0.000          0.008          0.610          5.729         -4.514
0.000          0.008         -1.202          6.209         -3.099
0.000          0.008         -5.287         13.784         -3.435
0.000          0.008         -7.409         11.684         -3.673
0.000          0.008         -9.802          9.212         -4.680
0.000          0.008         -1.468          9.292         -3.081
0.151          0.008         -1.971         10.119         -5.019
0.000          0.008          0.045         13.020         -5.753
0.000          0.008          9.346         13.988         -3.593
0.000          0.008          4.764         13.095         -4.851
0.000          0.008         -4.236         10.796         -3.119
0.000          0.008         -5.380         14.970         -3.283
0.000          0.008          7.757         10.322         -6.432
0.000          0.008          5.705         14.483         -4.671
0.000          0.008          9.472         13.837         -3.573
0.000          0.008         -8.256          5.044         -6.788
0.000          0.008         -9.477         11.178         -6.549
0.000          0.008         -5.937         12.160         -3.240
0.000          0.008         -9.687          6.303         -4.408
0.000          0.008          1.599         12.557         -6.764
0.000          0.008          6.324          8.896         -3.251
0.140          0.008         -1.458         10.542         -5.022
0.000          0.008          2.886          5.727         -3.217
0.000          0.008          8.746          7.435         -5.858
0.000          0.008          1.094          6.686         -5.770
0.000          0.008          1.789         10.401         -5.946
0.000          0.008         -8.140          5.402         -6.244
0.000          0.008          4.573          5.048         -5.261
0.000          0.008         -8.769         11.594         -6.995
0.000          0.008          8.747         10.650         -4.305
0.000          0.008          5.022         13.559         -3.072
0.000          0.008          6.949         10.226         -3.612
0.000          0.008         -5.846          9.747         -5.722
0.000          0.008         -9.368         13.199         -4.679
0.000          0.008         -5.703          9.650         -3.768
0.000          0.008          8.749          5.097         -5.283
0.000          0.008          2.711         10.960         -5.827
0.001          0.008         -9.439         10.848         -5.166
0.000          0.008         -8.853          7.529         -5.737
0.000          0.008         -7.717          7.505         -3.831
0.003          0.008         -0.840          7.295         -5.090
0.000          0.008          6.042          9.028         -5.961
0.000          0.008          0.456         10.890         -6.509
0.000          0.008          2.505         10.777         -4.499
0.000          0.008          4.779          5.124         -3.924
0.005          0.008         -6.794         11.628         -5.090
0.000          0.008          0.082          8.457         -6.949
0.000          0.008          0.155          8.642         -6.494
0.000          0.008         -4.576         10.027         -4.334
0.000          0.008         -1.614          9.311         -5.408
0.072          0.008          1.619          9.686         -5.123
0.000          0.008         -4.859         10.756         -4.613
0.000          0.008          0.700         11.481         -4.223
0.000          0.008          7.639         10.307         -6.159
0.000          0.008          3.209          7.878         -3.354
0.000          0.008         -2.043          6.955         -6.602
0.000          0.008         -1.123         13.412         -3.441
0.000          0.008          2.036          7.791         -3.879
0.000          0.008          6.392          6.539         -5.136
0.000          0.008          9.522         13.414         -3.700
0.000          0.008          4.471          5.507         -3.559
0.000          0.008          6.210         12.565         -4.832
0.000          0.008          1.165          8.949         -3.522
0.000          0.008         -1.582         13.291         -3.164
0.000          0.008         -9.130         12.859         -3.029
0.000          0.008          0.670         14.652         -6.378
0.000          0.008         -9.786          9.932         -3.935
0.000          0.008         -7.211         10.895         -3.670
0.000          0.008         -8.134          8.452         -5.550
0.000          0.008         -0.779          9.279         -6.309
0.000          0.008          7.060         12.007         -6.213
0.000          0.008         -0.393          8.762         -4.213
0.000          0.008          3.784          7.195         -4.826
0.000          0.008         -2.786          8.187         -6.324
0.000          0.008         -8.239         14.448         -4.473
0.000          0.008          4.128         14.418         -5.449
0.000          0.008          5.551          5.592         -3.968
0.000          0.008          0.131          6.218         -4.241
0.000          0.008         -9.089         13.791         -5.637
0.000          0.008         -4.723          5.335         -6.155
0.000          0.008          9.536          8.580         -6.292
0.000          0.008          4.603          7.876         -3.770
0.000          0.008         -5.586          7.713         -4.356
0.000          0.008         -4.184          5.818         -4.974
0.000          0.008         -0.436         14.267         -3.617
0.000          0.008         -5.804         14.913         -4.869
0.000          0.008         -4.781          5.884         -6.797
0.000          0.008         -0.217         11.569         -6.448
0.000          0.008         -7.349          5.677         -5.243
0.000          0.008         -1.322          5.104         -5.761
0.000          0.008         -9.789         13.643         -6.064
0.000          0.008          2.300          6.997         -3.113
0.000          0.008         -2.158         14.183         -4.507
0.000          0.008         -4.644         13.113         -5.969
0.000          0.008         -3.103         10.884         -6.404
0.000          0.008         -1.273          5.139         -4.914
0.000          0.008         -7.495         10.955         -6.170
0.000          0.008          6.672          5.956         -6.197
0.000          0.008         -1.363          6.495         -3.422
0.000          0.008          6.099          5.745         -4.239
0.000          0.008         -4.263         14.435         -4.459
0.000          0.008          3.405          9.599         -3.533
0.000          0.008         -2.547         13.382         -5.600
0.000          0.008          4.627          7.514         -4.285
0.000          0.008          1.533         13.109         -5.211
0.002          0.008          8.313          9.724         -5.192
0.131          0.008          0.339         10.126         -4.921
0.000          0.008         -4.017         10.946         -4.625
0.000          0.008          9.950          5.509         -3.239
0.000          0.008         -4.590         10.874         -6.986
0.000          0.008          2.949         10.293         -3.885
0.000          0.008         -9.490          6.400         -5.247
0.000          0.008          7.258          5.653         -3.430
0.000          0.008         -7.202          7.285         -5.174
0.000          0.008         -1.962         11.732         -6.059
0.000          0.008          7.779          5.976         -4.563
0.008          0.008          3.648         10.412         -4.775
0.000          0.008         -5.507         12.800         -5.607
0.000          0.008         -8.256         10.335         -4.392
0.001          0.008          2.305          7.981         -5.226
0.000          0.008          3.905          7.574         -3.692
0.000          0.008         -1.987          6.479         -3.876
0.000          0.008         -8.797         14.153         -3.501
0.000          0.008          6.628         14.530         -4.518
0.000          0.008          2.718         14.464         -6.034
0.000          0.008         -5.289          9.378         -6.294
0.000          0.008          2.466         14.716         -6.665
0.000          0.008          6.506          8.543         -5.292
0.000          0.008          4.681         10.517         -6.391
0.000          0.008         -3.301         14.607         -4.745
0.000          0.008          0.171          8.406         -3.583
0.007          0.008         -1.141         12.264         -4.887
0.000          0.008          0.841          9.452         -5.514
0.000          0.008          6.281          9.700         -5.852
0.000          0.008          3.141         14.356         -3.438
0.000          0.008          4.574         10.038         -3.091
