0.027          0.006          5.907
0.105          0.006         -1.436
0.038          0.006          5.198
0.101          0.006          1.729
0.114          0.006         -0.171
0.020          0.006         -6.574
0.002          0.006          9.742
0.003          0.006         -9.616
0.002          0.006          9.774
0.008          0.006          8.096
0.006          0.006         -8.402
0.088          0.006          2.528
0.027          0.006          5.947
0.006          0.006          8.530
0.112          0.006         -0.584
0.011          0.006         -7.526
0.022          0.006         -6.328
0.106          0.006         -1.336
0.097          0.006         -2.012
0.051          0.006          4.449
0.032          0.006         -5.566
0.067          0.006         -3.622
0.007          0.006          8.197
0.095          0.006          2.140
0.021          0.006          6.418
0.004          0.006         -8.960
0.113          0.006          0.495
0.016          0.006          6.985
0.013          0.006         -7.329
0.061          0.006         -3.931
0.112          0.006         -0.708
0.005          0.006          8.674
0.114          0.006          0.259
0.088          0.006          2.512
0.112          0.006          0.589
0.028          0.006         -5.888
0.014          0.006          7.209
0.084          0.006          2.717
0.107          0.006         -1.239
0.058          0.006         -4.082
0.113          0.006          0.444
0.008          0.006          8.154
0.111          0.006         -0.744
0.113          0.006          0.345
0.110          0.006         -0.960
0.114          0.006          0.019
0.041          0.006         -5.035
0.045          0.006          4.747
0.055          0.006         -4.228
0.009          0.006         -7.841
0.033          0.006          5.505
0.009          0.006         -7.902
0.093          0.006         -2.231
0.113          0.006          0.542
0.006          0.006          8.591
0.104          0.006         -1.468
0.113          0.006         -0.427
0.059          0.006          4.011
0.096          0.006          2.052
0.108          0.006          1.147
0.052          0.006          4.412
0.086          0.006          2.651
0.038          0.006         -5.192
0.014          0.006          7.188
0.004          0.006         -9.066
0.109          0.006         -1.045
0.105          0.006         -1.416
0.029          0.006         -5.824
0.002          0.006         -9.920
0.009          0.006          7.934
0.088          0.006         -2.500
0.015          0.006          7.008
0.076          0.006          3.130
0.058          0.006         -4.075
0.075          0.006          3.201
0.086          0.006         -2.610
0.068          0.006          3.571
0.069          0.006         -3.493
0.093          0.006         -2.251
0.041          0.006          5.027
0.083          0.006          2.763
0.060          0.006          3.956
0.039          0.006         -5.148
0.041          0.006         -4.978
0.093          0.006          2.256
0.093          0.006          2.254
0.009          0.006         -7.852
0.030          0.006          5.693
0.069          0.006          3.483
0.024          0.006          6.161
0.009          0.006         -7.841
0.002          0.006         -9.975
0.004          0.006          9.149
0.047          0.006         -4.668
0.044          0.006         -4.854
0.044          0.006          4.825
0.020          0.006          6.499
0.036          0.006          5.320
0.070          0.006          3.464
0.083          0.006         -2.785
0.008          0.006         -8.102
0.018          0.006         -6.694
0.006          0.006          8.544
0.111          0.006         -0.775
0.004          0.006          9.023
0.114          0.006         -0.114
0.017          0.006         -6.872
0.085          0.006          2.671
0.007          0.006         -8.326
0.094          0.006          2.200
0.002          0.006         -9.792
0.032          0.006         -5.554
0.091          0.006          2.345
0.069          0.006          3.502
0.111          0.006          0.759
0.064          0.006         -3.784
0.020          0.006         -6.569
0.113          0.006          0.397
0.095          0.006          2.122
0.051          0.006          4.420
0.030          0.006          5.709
0.032          0.006         -5.558
0.114          0.006         -0.226
0.114          0.006          0.251
0.100          0.006          1.789
0.003          0.006         -9.313
0.082          0.006          2.846
0.026          0.006         -6.046
0.020          0.006          6.497
0.031          0.006          5.623
0.094          0.006          2.161
0.003          0.006          9.579
0.003          0.006          9.240
0.038          0.006         -5.217
0.006          0.006          8.504
0.064          0.006         -3.751
0.043          0.006          4.908
0.098          0.006          1.950
0.055          0.006         -4.247
0.004          0.006          9.233
0.002          0.006         -9.862
0.014          0.006         -7.212
0.008          0.006          8.056
0.072          0.006          3.340
0.006          0.006         -8.614
0.094          0.006          2.168
0.100          0.006         -1.784
0.002          0.006         -9.967
0.002          0.006          9.910
0.014          0.006         -7.167
0.105          0.006         -1.457
0.024          0.006          6.167
0.031          0.006         -5.652
0.054          0.006         -4.287
0.008          0.006          8.043
0.007          0.006          8.295
0.072          0.006          3.340
0.003          0.006          9.550
0.091          0.006         -2.344
0.010          0.006          7.737
0.075          0.006         -3.210
0.052          0.006         -4.389
0.114          0.006          0.147
0.025          0.006         -6.065
0.005          0.006          8.774
0.031          0.006          5.617
0.031          0.006          5.614
0.024          0.006          6.211
0.088          0.006         -2.492
0.009          0.006          7.950
0.006          0.006          8.557
0.092          0.006          2.301
0.113          0.006          0.528
0.068          0.006         -3.535
0.005          0.006         -8.889
0.107          0.006          1.198
0.005          0.006         -8.822
0.006          0.006          8.443
0.097          0.006          2.019
0.107          0.006          1.235
0.010          0.006          7.668
0.073          0.006          3.327
0.112          0.006         -0.634
0.003          0.006         -9.533
0.112          0.006          0.592
0.114          0.006         -0.313
0.109          0.006          1.098
0.077          0.006          3.088
0.081          0.006         -2.898
0.112          0.006         -0.651
0.080          0.006          2.941
0.005          0.006          8.825
0.002          0.006         -9.868
0.026          0.006         -5.988
0.018          0.006         -6.703
0.005          0.006         -8.621
0.005          0.006          8.690
0.102          0.006          1.660
0.034          0.006          5.459
0.035          0.006          5.375
0.049          0.006          4.566
0.078          0.006          3.068
0.019          0.006         -6.653
0.003          0.006          9.343
0.093          0.006         -2.204
0.021          0.006         -6.421
0.008          0.006         -8.077
0.003          0.006         -9.615
0.020          0.006         -6.511
0.033          0.006         -5.516
0.031          0.006          5.675
0.008          0.006         -8.134
0.043          0.006         -4.899
0.092          0.006          2.264
0.019          0.006         -6.638
0.113          0.006         -0.556
0.037          0.006          5.255
0.050          0.006         -4.475
0.046          0.006          4.731
0.056          0.006          4.187
0.092          0.006         -2.263
0.031          0.006         -5.638
0.066          0.006         -3.642
0.096          0.006          2.037
0.016          0.006         -6.933
0.007          0.006          8.294
0.018          0.006          6.709
0.097          0.006          1.969
0.108          0.006          1.137
0.044          0.006          4.801
0.018          0.006          6.756
0.006          0.006          8.417
0.005          0.006          8.766
0.026          0.006          6.027
0.083          0.006         -2.802
0.021          0.006         -6.393
0.084          0.006          2.756
0.053          0.006         -4.315
0.052          0.006          4.406
0.021          0.006          6.404
0.028          0.006         -5.847
0.019          0.006          6.607
0.013          0.006          7.297
0.032          0.006          5.557
0.077          0.006          3.125
0.095          0.006         -2.101
0.021          0.006         -6.422
0.113          0.006         -0.356
0.062          0.006          3.859
0.018          0.006         -6.686
0.003          0.006          9.242
0.003          0.006         -9.286
0.007          0.006          8.348
0.077          0.006         -3.080
0.064          0.006          3.776
0.013          0.006          7.317
0.028          0.006          5.859
0.021          0.006         -6.436
0.002          0.006          9.903
0.005          0.006         -8.883
0.053          0.006          4.309
0.002          0.006          9.685
0.034          0.006         -5.472
0.002          0.006         -9.725
0.072          0.006          3.353
0.005          0.006         -8.690
0.018          0.006         -6.748
0.098          0.006         -1.900
0.091          0.006          2.336
0.088          0.006          2.490
0.012          0.006         -7.491
0.005          0.006          8.718
0.113          0.006         -0.461
0.076          0.006          3.148
0.003          0.006         -9.608
0.060          0.006         -3.975
0.043          0.006         -4.866
0.104          0.006         -1.489
0.101          0.006         -1.734
0.084          0.006          2.759
0.011          0.006          7.571
0.104          0.006          1.463
0.086          0.006          2.609
0.006          0.006          8.486
0.004          0.006          9.201
0.041          0.006         -4.996
0.025          0.006          6.065
0.106          0.006          1.326
0.067          0.006          3.631
0.002          0.006         -9.937
0.099          0.006          1.844
0.024          0.006         -6.158
0.017          0.006         -6.812
0.098          0.006         -1.910
0.009          0.006         -7.920
0.037          0.006         -5.238
0.068          0.006         -3.582
0.013          0.006          7.320
0.048          0.006         -4.590
0.004          0.006         -8.912
0.004          0.006         -9.096
0.112          0.006         -0.692
0.091          0.006         -2.354
0.078          0.006         -3.057
0.066          0.006         -3.642
0.038          0.006         -5.201
0.099          0.006         -1.861
0.020          0.006         -6.521
0.113          0.006         -0.414
0.079          0.006         -3.010
0.043          0.006          4.869
0.105          0.006         -1.450
0.030          0.006          5.718
0.099          0.006          1.866
0.088          0.006          2.501
0.104          0.006          1.532
0.112          0.006         -0.615
0.031          0.006          5.640
0.086          0.006         -2.619
0.065          0.006         -3.723
0.087          0.006         -2.597
0.006          0.006         -8.410
0.100          0.006          1.815
0.014          0.006         -7.211
0.024          0.006          6.158
0.112          0.006          0.698
0.047          0.006         -4.656
0.004          0.006         -9.180
0.092          0.006         -2.273
0.016          0.006          6.922
0.006          0.006         -8.417
0.110          0.006          0.924
0.029          0.006          5.778
0.107          0.006          1.250
0.039          0.006         -5.134
0.003          0.006         -9.449
0.003          0.006         -9.454
0.032          0.006          5.565
0.114          0.006         -0.124
0.010          0.006         -7.693
0.049          0.006          4.553
0.019          0.006          6.622
0.004          0.006          8.960
0.043          0.006         -4.881
0.002          0.006          9.939
0.106          0.006          1.341
0.076          0.006         -3.150
0.008          0.006          8.046
0.016          0.006          6.926
0.038          0.006         -5.192
0.010          0.006          7.791
0.016          0.006         -6.894
0.032          0.006         -5.565
0.004          0.006          9.181
0.095          0.006         -2.127
0.003          0.006         -9.314
0.004          0.006         -8.927
0.098          0.006         -1.947
0.011          0.006         -7.502
0.100          0.006          1.761
0.109          0.006         -1.027
0.090          0.006         -2.421
0.024          0.006         -6.196
0.019          0.006          6.673
0.112          0.006          0.610
0.107          0.006         -1.202
0.036          0.006         -5.287
0.012          0.006         -7.409
0.002          0.006         -9.802
0.104          0.006         -1.468
0.097          0.006         -1.971
0.114          0.006          0.045
0.003          0.006          9.346
0.045          0.006          4.764
0.055          0.006         -4.236
0.035          0.006         -5.380
0.010          0.006          7.757
0.030          0.006          5.705
0.003          0.006          9.472
0.007          0.006         -8.256
0.003          0.006         -9.477
0.027          0.006         -5.937
0.002          0.006         -9.687
0.103          0.006          1.599
0.022          0.006          6.324
0.105          0.006         -1.458
0.081          0.006          2.886
0.005          0.006          8.746
0.109          0.006          1.094
0.100          0.006          1.789
0.008          0.006         -8.140
0.049          0.006          4.573
0.005          0.006         -8.769
0.005          0.006          8.747
0.041          0.006          5.022
0.016          0.006          6.949
0.028          0.006         -5.846
0.003          0.006         -9.368
0.030          0.006         -5.703
0.005          0.006          8.749
0.084          0.006          2.711
0.003          0.006         -9.439
0.005          0.006         -8.853
0.010          0.006         -7.717
0.111          0.006         -0.840
0.026          0.006          6.042
0.113          0.006          0.456
0.088          0.006          2.505
0.045          0.006          4.779
0.017          0.006         -6.794
0.114          0.006          0.082
0.114          0.006          0.155
0.048          0.006         -4.576
0.102          0.006         -1.614
0.102          0.006          1.619
0.043          0.006         -4.859
0.112          0.006          0.700
0.011          0.006          7.639
0.075          0.006          3.209
0.096          0.006         -2.043
0.108          0.006         -1.123
0.096          0.006          2.036
0.022          0.006          6.392
0.003          0.006          9.522
0.050          0.006          4.471
0.024          0.006          6.210
0.108          0.006          1.165
0.103          0.006         -1.582
0.004          0.006         -9.130
0.112          0.006          0.670
0.002          0.006         -9.786
0.014          0.006         -7.211
0.008          0.006         -8.134
0.111          0.006         -0.779
0.015          0.006          7.060
0.113          0.006         -0.393
0.064          0.006          3.784
0.083          0.006         -2.786
0.007          0.006         -8.239
0.057          0.006          4.128
0.032          0.006          5.551
0.114          0.006          0.131
0.004          0.006         -9.089
0.046          0.006         -4.723
0.003          0.006          9.536
0.048          0.006          4.603
0.032          0.006         -5.586
0.056          0.006         -4.184
0.113          0.006         -0.436
0.029          0.006         -5.804
0.045          0.006         -4.781
0.114          0.006         -0.217
0.013          0.006         -7.349
0.106          0.006         -1.322
0.002          0.006         -9.789
0.092          0.006          2.300
0.094          0.006         -2.158
0.047          0.006         -4.644
0.077          0.006         -3.103
0.107          0.006         -1.273
0.012          0.006         -7.495
0.019          0.006          6.672
0.106          0.006         -1.363
0.025          0.006          6.099
0.054          0.006         -4.263
0.071          0.006          3.405
0.087          0.006         -2.547
0.048          0.006          4.627
0.104          0.006          1.533
0.007          0.006          8.313
0.113          0.006          0.339
0.059          0.006         -4.017
0.002          0.006          9.950
0.048          0.006         -4.590
0.080          0.006          2.949
0.003          0.006         -9.490
0.013          0.006          7.258
0.014          0.006         -7.202
0.097          0.006         -1.962
0.010          0.006          7.779
0.066          0.006          3.648
0.033          0.006         -5.507
0.007          0.006         -8.256
0.092          0.006          2.305
0.061          0.006          3.905
0.097          0.006         -1.987
0.005          0.006         -8.797
0.019          0.006          6.628
0.084          0.006          2.718
0.036          0.006         -5.289
0.089          0.006          2.466
0.020          0.006          6.506
0.047          0.006          4.681
0.073          0.006         -3.301
0.114          0.006          0.171
0.108          0.006         -1.141
0.111          0.006          0.841
0.023          0.006          6.281
0.076          0.006          3.141
0.049          0.006          4.574
