0.0000       192444.0      5793.8700
0.1000       187935.0      5793.8700
0.2000       189781.0      5793.8700
0.3000       188243.0      5793.8700
0.4000       197079.0      5793.8700
0.5000       187565.0      5793.8700
0.6000       196741.0      5793.8700
0.7000       191086.0      5793.8700
0.8000       195412.0      5793.8700
0.9000       185368.0      5793.8700
1.0000       190745.0      5793.8700
1.1000       193332.0      5793.8700
1.2000       188282.0      5793.8700
1.3000       193902.0      5793.8700
1.4000       178552.0      5793.8700
1.5000       196032.0      5793.8700
1.6000       183151.0      5793.8700
1.7000       188657.0      5793.8700
1.8000       181793.0      5793.8700
1.9000       184840.0      5793.8700
2.0000       189156.0      5793.8700
2.1000       190828.0      5793.8700
2.2000       190342.0      5793.8700
2.3000       194707.0      5793.8700
2.4000       184832.0      5793.8700
2.5000       188540.0      5793.8700
2.6000       187948.0      5793.8700
2.7000       192475.0      5793.8700
2.8000       193165.0      5793.8700
2.9000       183819.0      5793.8700
3.0000       188924.0      5793.8700
3.1000       189241.0      5793.8700
3.2000       184933.0      5793.8700
3.3000       189113.0      5793.8700
3.4000       188168.0      5793.8700
3.5000       183818.0      5793.8700
3.6000       181601.0      5793.8700
3.7000       187585.0      5793.8700
3.8000       189213.0      5793.8700
3.9000       190669.0      5793.8700
4.0000       196952.0      5793.8700
4.1000       190397.0      5793.8700
4.2000       196838.0      5793.8700
4.3000       186000.0      5793.8700
4.4000       200894.0      5793.8700
4.5000       186014.0      5793.8700
4.6000       180850.0      5793.8700
4.7000       181424.0      5793.8700
4.8000       182779.0      5793.8700
4.9000       198250.0      5793.8700
5.0000       193062.0      5793.8700
5.1000       184895.0      5793.8700
5.2000       183245.0      5793.8700
5.3000       187648.0      5793.8700
5.4000       194245.0      5793.8700
5.5000       183011.0      5793.8700
5.6000       186302.0      5793.8700
5.7000       188256.0      5793.8700
5.8000       196101.0      5793.8700
5.9000       191190.0      5793.8700
6.0000       191756.0      5793.8700
6.1000       198860.0      5793.8700
6.2000       182810.0      5793.8700
6.3000       204132.0      5793.8700
6.4000       204453.0      5793.8700
6.5000       180750.0      5793.8700
6.6000       184567.0      5793.8700
6.7000       185243.0      5793.8700
6.8000       196315.0      5793.8700
6.9000       174082.0      5793.8700
7.0000       185153.0      5793.8700
7.1000       184165.0      5793.8700
7.2000       187306.0      5793.8700
7.3000       185129.0      5793.8700
7.4000       173740.0      5793.8700
7.5000       196473.0      5793.8700
7.6000       198526.0      5793.8700
7.7000       193222.0      5793.8700
7.8000       190650.0      5793.8700
7.9000       193101.0      5793.8700
8.0000       192164.0      5793.8700
8.1000       195383.0      5793.8700
8.2000       194522.0      5793.8700
8.3000       181036.0      5793.8700
8.4000       194281.0      5793.8700
8.5000       188563.0      5793.8700
8.6000       191826.0      5793.8700
8.7000       194100.0      5793.8700
8.8000       182533.0      5793.8700
8.9000       197421.0      5793.8700
9.0000       189965.0      5793.8700
9.1000       193690.0      5793.8700
9.2000       183807.0      5793.8700
9.3000       182666.0      5793.8700
9.4000       182019.0      5793.8700
9.5000       187550.0      5793.8700
9.6000       190038.0      5793.8700
9.7000       197801.0      5793.8700
9.8000       186758.0      5793.8700
9.9000       184441.0      5793.8700
10.0000       189675.0      5793.8700
10.1000       194856.0      5793.8700
10.2000       185478.0      5793.8700
10.3000       191088.0      5793.8700
10.4000       188897.0      5793.8700
10.5000       188948.0      5793.8700
10.6000       196175.0      5793.8700
10.7000       181810.0      5793.8700
10.8000       184861.0      5793.8700
10.9000       186169.0      5793.8700
11.0000       187510.0      5793.8700
11.1000       184322.0      5793.8700
11.2000       188382.0      5793.8700
11.3000       189210.0      5793.8700
11.4000       189069.0      5793.8700
11.5000       198214.0      5793.8700
11.6000       178821.0      5793.8700
11.7000       198034.0      5793.8700
11.8000       193831.0      5793.8700
11.9000       179402.0      5793.8700
12.0000       191294.0      5793.8700
12.1000       192901.0      5793.8700
12.2000       190489.0      5793.8700
12.3000       194804.0      5793.8700
12.4000       188136.0      5793.8700
12.5000       196269.0      5793.8700
12.6000       192321.0      5793.8700
12.7000       185800.0      5793.8700
12.8000       179797.0      5793.8700
12.9000       177861.0      5793.8700
13.0000       192463.0      5793.8700
13.1000       205115.0      5793.8700
13.2000       200687.0      5793.8700
13.3000       194062.0      5793.8700
13.4000       185439.0      5793.8700
13.5000       183464.0      5793.8700
13.6000       184148.0      5793.8700
13.7000       192083.0      5793.8700
13.8000       185469.0      5793.8700
13.9000       192212.0      5793.8700
14.0000       193207.0      5793.8700
14.1000       190295.0      5793.8700
14.2000       184985.0      5793.8700
14.3000       185144.0      5793.8700
14.4000       186130.0      5793.8700
14.5000       187912.0      5793.8700
14.6000       188098.0      5793.8700
14.7000       190295.0      5793.8700
14.8000       179831.0      5793.8700
14.9000       192452.0      5793.8700
15.0000       185237.0      5793.8700
15.1000       187865.0      5793.8700
15.2000       194393.0      5793.8700
15.3000       183834.0      5793.8700
15.4000       187849.0      5793.8700
15.5000       193416.0      5793.8700
15.6000       188259.0      5793.8700
15.7000       193136.0      5793.8700
15.8000       190008.0      5793.8700
15.9000       192746.0      5793.8700
16.0000       187542.0      5793.8700
16.1000       186759.0      5793.8700
16.2000       188798.0      5793.8700
16.3000       193100.0      5793.8700
16.4000       183269.0      5793.8700
16.5000       195518.0      5793.8700
16.6000       193211.0      5793.8700
16.7000       188828.0      5793.8700
16.8000       188587.0      5793.8700
16.9000       184269.0      5793.8700
17.0000       188585.0      5793.8700
17.1000       188715.0      5793.8700
17.2000       194007.0      5793.8700
17.3000       179958.0      5793.8700
17.4000       190032.0      5793.8700
17.5000       195119.0      5793.8700
17.6000       196144.0      5793.8700
17.7000       192983.0      5793.8700
17.8000       189950.0      5793.8700
17.9000       189669.0      5793.8700
18.0000       186884.0      5793.8700
18.1000       187828.0      5793.8700
18.2000       184749.0      5793.8700
18.3000       181279.0      5793.8700
18.4000       187393.0      5793.8700
18.5000       181463.0      5793.8700
18.6000       187573.0      5793.8700
18.7000       186905.0      5793.8700
18.8000       189303.0      5793.8700
18.9000       197544.0      5793.8700
19.0000       196431.0      5793.8700
19.1000       193668.0      5793.8700
19.2000       196736.0      5793.8700
19.3000       192582.0      5793.8700
19.4000       193724.0      5793.8700
19.5000       197274.0      5793.8700
19.6000       187179.0      5793.8700
19.7000       188907.0      5793.8700
19.8000       189128.0      5793.8700
19.9000       193772.0      5793.8700
20.0000       197590.0      5793.8700
20.1000       191138.0      5793.8700
20.2000       183443.0      5793.8700
20.3000       192373.0      5793.8700
20.4000       194162.0      5793.8700
20.5000       185858.0      5793.8700
20.6000       182095.0      5793.8700
20.7000       191602.0      5793.8700
20.8000       187050.0      5793.8700
20.9000       191037.0      5793.8700
21.0000       190262.0      5793.8700
21.1000       186218.0      5793.8700
21.2000       188399.0      5793.8700
21.3000       192168.0      5793.8700
21.4000       191078.0      5793.8700
21.5000       181686.0      5793.8700
21.6000       183903.0      5793.8700
21.7000       190359.0      5793.8700
21.8000       191058.0      5793.8700
21.9000       183334.0      5793.8700
22.0000       191652.0      5793.8700
22.1000       190908.0      5793.8700
22.2000       185075.0      5793.8700
22.3000       182516.0      5793.8700
22.4000       180990.0      5793.8700
22.5000       184597.0      5793.8700
22.6000       189443.0      5793.8700
22.7000       186712.0      5793.8700
22.8000       186423.0      5793.8700
22.9000       183317.0      5793.8700
23.0000       188377.0      5793.8700
23.1000       190217.0      5793.8700
23.2000       189451.0      5793.8700
23.3000       190900.0      5793.8700
23.4000       185591.0      5793.8700
23.5000       187359.0      5793.8700
23.6000       189770.0      5793.8700
23.7000       191441.0      5793.8700
23.8000       183593.0      5793.8700
23.9000       189760.0      5793.8700
24.0000       190747.0      5793.8700
24.1000       191530.0      5793.8700
24.2000       184118.0      5793.8700
24.3000       189831.0      5793.8700
24.4000       188480.0      5793.8700
24.5000       191096.0      5793.8700
24.6000       193079.0      5793.8700
24.7000       191447.0      5793.8700
24.8000       182815.0      5793.8700
24.9000       186043.0      5793.8700
25.0000       193254.0      5793.8700
25.1000       185734.0      5793.8700
25.2000       182966.0      5793.8700
25.3000       196028.0      5793.8700
25.4000       196811.0      5793.8700
25.5000       188383.0      5793.8700
25.6000       181381.0      5793.8700
25.7000       195564.0      5793.8700
25.8000       196500.0      5793.8700
25.9000       185980.0      5793.8700
26.0000       198774.0      5793.8700
26.1000       188301.0      5793.8700
26.2000       195476.0      5793.8700
26.3000       186037.0      5793.8700
26.4000       186619.0      5793.8700
26.5000       184975.0      5793.8700
26.6000       181039.0      5793.8700
26.7000       184355.0      5793.8700
26.8000       196173.0      5793.8700
26.9000       190840.0      5793.8700
27.0000       182301.0      5793.8700
27.1000       186638.0      5793.8700
27.2000       200984.0      5793.8700
27.3000       194390.0      5793.8700
27.4000       186247.0      5793.8700
27.5000       193830.0      5793.8700
27.6000       191666.0      5793.8700
27.7000       187860.0      5793.8700
27.8000       181764.0      5793.8700
27.9000       185392.0      5793.8700
28.0000       182940.0      5793.8700
28.1000       195322.0      5793.8700
28.2000       182779.0      5793.8700
28.3000       185435.0      5793.8700
28.4000       183247.0      5793.8700
28.5000       189803.0      5793.8700
28.6000       192344.0      5793.8700
28.7000       196046.0      5793.8700
28.8000       191145.0      5793.8700
28.9000       196570.0      5793.8700
29.0000       186943.0      5793.8700
29.1000       190566.0      5793.8700
29.2000       196836.0      5793.8700
29.3000       175085.0      5793.8700
29.4000       187117.0      5793.8700
29.5000       190129.0      5793.8700
29.6000       183438.0      5793.8700
29.7000       185594.0      5793.8700
29.8000       194569.0      5793.8700
29.9000       197486.0      5793.8700
30.0000       193949.0      5793.8700
30.1000       187595.0      5793.8700
30.2000       184166.0      5793.8700
30.3000       187737.0      5793.8700
30.4000       186204.0      5793.8700
30.5000       188836.0      5793.8700
30.6000       195614.0      5793.8700
30.7000       187476.0      5793.8700
30.8000       183766.0      5793.8700
30.9000       203842.0      5793.8700
31.0000       182586.0      5793.8700
31.1000       182729.0      5793.8700
31.2000       182828.0      5793.8700
31.3000       198288.0      5793.8700
31.4000       185643.0      5793.8700
31.5000       185458.0      5793.8700
31.6000       184194.0      5793.8700
31.7000       184219.0      5793.8700
31.8000       194435.0      5793.8700
31.9000       192574.0      5793.8700
32.0000       197059.0      5793.8700
32.1000       192410.0      5793.8700
32.2000       192179.0      5793.8700
32.3000       190633.0      5793.8700
32.4000       193893.0      5793.8700
32.5000       181742.0      5793.8700
32.6000       200340.0      5793.8700
32.7000       181728.0      5793.8700
32.8000       181304.0      5793.8700
32.9000       191649.0      5793.8700
33.0000       195362.0      5793.8700
33.1000       194606.0      5793.8700
33.2000       181695.0      5793.8700
33.3000       179529.0      5793.8700
33.4000       194545.0      5793.8700
33.5000       194904.0      5793.8700
33.6000       189080.0      5793.8700
33.7000       193491.0      5793.8700
33.8000       186334.0      5793.8700
33.9000       189092.0      5793.8700
34.0000       180164.0      5793.8700
34.1000       184983.0      5793.8700
34.2000       191419.0      5793.8700
34.3000       185684.0      5793.8700
34.4000       194206.0      5793.8700
34.5000       193894.0      5793.8700
34.6000       189414.0      5793.8700
34.7000       188610.0      5793.8700
34.8000       187040.0      5793.8700
34.9000       191444.0      5793.8700
35.0000       190637.0      5793.8700
35.1000       196843.0      5793.8700
35.2000       185237.0      5793.8700
35.3000       178919.0      5793.8700
35.4000       187206.0      5793.8700
35.5000       199384.0      5793.8700
35.6000       189391.0      5793.8700
35.7000       187496.0      5793.8700
35.8000       191652.0      5793.8700
35.9000       195931.0      5793.8700
36.0000       186908.0      5793.8700
36.1000       186424.0      5793.8700
36.2000       178051.0      5793.8700
36.3000       197282.0      5793.8700
36.4000       197562.0      5793.8700
36.5000       185542.0      5793.8700
36.6000       188454.0      5793.8700
36.7000       184182.0      5793.8700
36.8000       196983.0      5793.8700
36.9000       185137.0      5793.8700
37.0000       184955.0      5793.8700
37.1000       199491.0      5793.8700
37.2000       191695.0      5793.8700
37.3000       193706.0      5793.8700
37.4000       192154.0      5793.8700
37.5000       189381.0      5793.8700
37.6000       194227.0      5793.8700
37.7000       182104.0      5793.8700
37.8000       186974.0      5793.8700
37.9000       180130.0      5793.8700
38.0000       195716.0      5793.8700
38.1000       202238.0      5793.8700
38.2000       191999.0      5793.8700
38.3000       185739.0      5793.8700
38.4000       196210.0      5793.8700
38.5000       203828.0      5793.8700
38.6000       182451.0      5793.8700
38.7000       189945.0      5793.8700
38.8000       193734.0      5793.8700
38.9000       185765.0      5793.8700
39.0000       202905.0      5793.8700
39.1000       184124.0      5793.8700
39.2000       183235.0      5793.8700
39.3000       182146.0      5793.8700
39.4000       183887.0      5793.8700
39.5000       185271.0      5793.8700
39.6000       184163.0      5793.8700
39.7000       190996.0      5793.8700
39.8000       182952.0      5793.8700
39.9000       197568.0      5793.8700
40.0000       192279.0      5793.8700
40.1000       187121.0      5793.8700
40.2000       196690.0      5793.8700
40.3000       187040.0      5793.8700
40.4000       194494.0      5793.8700
40.5000       192860.0      5793.8700
40.6000       185940.0      5793.8700
40.7000       190157.0      5793.8700
40.8000       184139.0      5793.8700
40.9000       190184.0      5793.8700
41.0000       199198.0      5793.8700
41.1000       188220.0      5793.8700
41.2000       189746.0      5793.8700
41.3000       187754.0      5793.8700
41.4000       191590.0      5793.8700
41.5000       180253.0      5793.8700
41.6000       185925.0      5793.8700
41.7000       183881.0      5793.8700
41.8000       177002.0      5793.8700
41.9000       184332.0      5793.8700
42.0000       184529.0      5793.8700
42.1000       189795.0      5793.8700
42.2000       172998.0      5793.8700
42.3000       185020.0      5793.8700
42.4000       184901.0      5793.8700
42.5000       197057.0      5793.8700
42.6000       185824.0      5793.8700
42.7000       197609.0      5793.8700
42.8000       187931.0      5793.8700
42.9000       189457.0      5793.8700
43.0000       188160.0      5793.8700
43.1000       189408.0      5793.8700
43.2000       182087.0      5793.8700
43.3000       185510.0      5793.8700
43.4000       187316.0      5793.8700
43.5000       198307.0      5793.8700
43.6000       184574.0      5793.8700
43.7000       191108.0      5793.8700
43.8000       184896.0      5793.8700
43.9000       191170.0      5793.8700
44.0000       189427.0      5793.8700
44.1000       195295.0      5793.8700
44.2000       180756.0      5793.8700
44.3000       193563.0      5793.8700
44.4000       187240.0      5793.8700
44.5000       186807.0      5793.8700
44.6000       192720.0      5793.8700
44.7000       194215.0      5793.8700
44.8000       196698.0      5793.8700
44.9000       191882.0      5793.8700
45.0000       195606.0      5793.8700
45.1000       188244.0      5793.8700
45.2000       186779.0      5793.8700
45.3000       185162.0      5793.8700
45.4000       178333.0      5793.8700
45.5000       178571.0      5793.8700
45.6000       189520.0      5793.8700
45.7000       181611.0      5793.8700
45.8000       193347.0      5793.8700
45.9000       190102.0      5793.8700
46.0000       190827.0      5793.8700
46.1000       179585.0      5793.8700
46.2000       182816.0      5793.8700
46.3000       193333.0      5793.8700
46.4000       194450.0      5793.8700
46.5000       191137.0      5793.8700
46.6000       193342.0      5793.8700
46.7000       193509.0      5793.8700
46.8000       192757.0      5793.8700
46.9000       187556.0      5793.8700
47.0000       190419.0      5793.8700
47.1000       196527.0      5793.8700
47.2000       183445.0      5793.8700
47.3000       187569.0      5793.8700
47.4000       197121.0      5793.8700
47.5000       195504.0      5793.8700
47.6000       186758.0      5793.8700
47.7000       186099.0      5793.8700
47.8000       188075.0      5793.8700
47.9000       191530.0      5793.8700
48.0000       201308.0      5793.8700
48.1000       191775.0      5793.8700
48.2000       198281.0      5793.8700
48.3000       194815.0      5793.8700
48.4000       189043.0      5793.8700
48.5000       191020.0      5793.8700
48.6000       182827.0      5793.8700
48.7000       193715.0      5793.8700
48.8000       188270.0      5793.8700
48.9000       193007.0      5793.8700
49.0000       190699.0      5793.8700
49.1000       190351.0      5793.8700
49.2000       178064.0      5793.8700
49.3000       184429.0      5793.8700
49.4000       192466.0      5793.8700
49.5000       189239.0      5793.8700
49.6000       189726.0      5793.8700
49.7000       187164.0      5793.8700
49.8000       180054.0      5793.8700
49.9000       192276.0      5793.8700
50.0000       199467.0      5793.8700
50.1000       192111.0      5793.8700
50.2000       200539.0      5793.8700
50.3000       186314.0      5793.8700
50.4000       184955.0      5793.8700
50.5000       200375.0      5793.8700
50.6000       193127.0      5793.8700
50.7000       188546.0      5793.8700
50.8000       193088.0      5793.8700
50.9000       189148.0      5793.8700
51.0000       181935.0      5793.8700
51.1000       185173.0      5793.8700
51.2000       186262.0      5793.8700
51.3000       204364.0      5793.8700
51.4000       188231.0      5793.8700
51.5000       192652.0      5793.8700
51.6000       182174.0      5793.8700
51.7000       187605.0      5793.8700
51.8000       181898.0      5793.8700
51.9000       193327.0      5793.8700
52.0000       193580.0      5793.8700
52.1000       196881.0      5793.8700
52.2000       186664.0      5793.8700
52.3000       182135.0      5793.8700
52.4000       193321.0      5793.8700
52.5000       189743.0      5793.8700
52.6000       188156.0      5793.8700
52.7000       191556.0      5793.8700
52.8000       188428.0      5793.8700
52.9000       194586.0      5793.8700
53.0000       196737.0      5793.8700
53.1000       183708.0      5793.8700
53.2000       185021.0      5793.8700
53.3000       194262.0      5793.8700
53.4000       185359.0      5793.8700
53.5000       172412.0      5793.8700
53.6000       194232.0      5793.8700
53.7000       185936.0      5793.8700
53.8000       188439.0      5793.8700
53.9000       197306.0      5793.8700
54.0000       193536.0      5793.8700
54.1000       184356.0      5793.8700
54.2000       182824.0      5793.8700
54.3000       199314.0      5793.8700
54.4000       184380.0      5793.8700
54.5000       194120.0      5793.8700
54.6000       180623.0      5793.8700
54.7000       189649.0      5793.8700
54.8000       187165.0      5793.8700
54.9000       190301.0      5793.8700
55.0000       192013.0      5793.8700
55.1000       191016.0      5793.8700
55.2000       191086.0      5793.8700
55.3000       193098.0      5793.8700
55.4000       193527.0      5793.8700
55.5000       187559.0      5793.8700
55.6000       186832.0      5793.8700
55.7000       189013.0      5793.8700
55.8000       185435.0      5793.8700
55.9000       182870.0      5793.8700
56.0000       192264.0      5793.8700
56.1000       188159.0      5793.8700
56.2000       194756.0      5793.8700
56.3000       186232.0      5793.8700
56.4000       187954.0      5793.8700
56.5000       184534.0      5793.8700
56.6000       179635.0      5793.8700
56.7000       187087.0      5793.8700
56.8000       193197.0      5793.8700
56.9000       193944.0      5793.8700
57.0000       184812.0      5793.8700
57.1000       193699.0      5793.8700
57.2000       185657.0      5793.8700
57.3000       189804.0      5793.8700
57.4000       175992.0      5793.8700
57.5000       197403.0      5793.8700
57.6000       184299.0      5793.8700
57.7000       185374.0      5793.8700
57.8000       193562.0      5793.8700
57.9000       178296.0      5793.8700
58.0000       191123.0      5793.8700
58.1000       187383.0      5793.8700
58.2000       193480.0      5793.8700
58.3000       192253.0      5793.8700
58.4000       178254.0      5793.8700
58.5000       197292.0      5793.8700
58.6000       186887.0      5793.8700
58.7000       185516.0      5793.8700
58.8000       192440.0      5793.8700
58.9000       187632.0      5793.8700
59.0000       185002.0      5793.8700
59.1000       198212.0      5793.8700
59.2000       177309.0      5793.8700
59.3000       179710.0      5793.8700
59.4000       195590.0      5793.8700
59.5000       188180.0      5793.8700
59.6000       196535.0      5793.8700
59.7000       198715.0      5793.8700
59.8000       189061.0      5793.8700
59.9000       192610.0      5793.8700
60.0000       190379.0      5793.8700
60.1000       190463.0      5793.8700
60.2000       178362.0      5793.8700
60.3000       186279.0      5793.8700
60.4000       189650.0      5793.8700
60.5000       187207.0      5793.8700
60.6000       194133.0      5793.8700
60.7000       197200.0      5793.8700
60.8000       183272.0      5793.8700
60.9000       201723.0      5793.8700
61.0000       200544.0      5793.8700
61.1000       189686.0      5793.8700
61.2000       183885.0      5793.8700
61.3000       200457.0      5793.8700
61.4000       184633.0      5793.8700
61.5000       187144.0      5793.8700
61.6000       181042.0      5793.8700
61.7000       192715.0      5793.8700
61.8000       184162.0      5793.8700
61.9000       186046.0      5793.8700
62.0000       203211.0      5793.8700
62.1000       184170.0      5793.8700
62.2000       188001.0      5793.8700
62.3000       198970.0      5793.8700
62.4000       189073.0      5793.8700
62.5000       184694.0      5793.8700
62.6000       186919.0      5793.8700
62.7000       181716.0      5793.8700
62.8000       198202.0      5793.8700
62.9000       182320.0      5793.8700
63.0000       181503.0      5793.8700
63.1000       190203.0      5793.8700
63.2000       182667.0      5793.8700
63.3000       175486.0      5793.8700
63.4000       186925.0      5793.8700
63.5000       186764.0      5793.8700
63.6000       184656.0      5793.8700
63.7000       197906.0      5793.8700
63.8000       188829.0      5793.8700
63.9000       176375.0      5793.8700
64.0000       188472.0      5793.8700
64.1000       197145.0      5793.8700
64.2000       184689.0      5793.8700
64.3000       192800.0      5793.8700
64.4000       172786.0      5793.8700
64.5000       193512.0      5793.8700
64.6000       195166.0      5793.8700
64.7000       186419.0      5793.8700
64.8000       192423.0      5793.8700
64.9000       191720.0      5793.8700
65.0000       200188.0      5793.8700
65.1000       182288.0      5793.8700
65.2000       191101.0      5793.8700
65.3000       184167.0      5793.8700
65.4000       186596.0      5793.8700
65.5000       190577.0      5793.8700
65.6000       193797.0      5793.8700
65.7000       184750.0      5793.8700
65.8000       189904.0      5793.8700
65.9000       184402.0      5793.8700
66.0000       178772.0      5793.8700
66.1000       194632.0      5793.8700
66.2000       191400.0      5793.8700
66.3000       181761.0      5793.8700
66.4000       192647.0      5793.8700
66.5000       194618.0      5793.8700
66.6000       190593.0      5793.8700
66.7000       183059.0      5793.8700
66.8000       195431.0      5793.8700
66.9000       183375.0      5793.8700
67.0000       186491.0      5793.8700
67.1000       186960.0      5793.8700
67.2000       195115.0      5793.8700
67.3000       184912.0      5793.8700
67.4000       197757.0      5793.8700
67.5000       189418.0      5793.8700
67.6000       185408.0      5793.8700
67.7000       192027.0      5793.8700
67.8000       190389.0      5793.8700
67.9000       188176.0      5793.8700
68.0000       196287.0      5793.8700
68.1000       196105.0      5793.8700
68.2000       192221.0      5793.8700
68.3000       190670.0      5793.8700
68.4000       192632.0      5793.8700
68.5000       178212.0      5793.8700
68.6000       188540.0      5793.8700
68.7000       189318.0      5793.8700
68.8000       197523.0      5793.8700
68.9000       186551.0      5793.8700
69.0000       190597.0      5793.8700
69.1000       196966.0      5793.8700
69.2000       188437.0      5793.8700
69.3000       188022.0      5793.8700
69.4000       196755.0      5793.8700
69.5000       195040.0      5793.8700
69.6000       190005.0      5793.8700
69.7000       184493.0      5793.8700
69.8000       184795.0      5793.8700
69.9000       182145.0      5793.8700
70.0000       186508.0      5793.8700
70.1000       179780.0      5793.8700
70.2000       188791.0      5793.8700
70.3000       185237.0      5793.8700
70.4000       188487.0      5793.8700
70.5000       190004.0      5793.8700
70.6000       193532.0      5793.8700
70.7000       193190.0      5793.8700
70.8000       184320.0      5793.8700
70.9000       187352.0      5793.8700
71.0000       186548.0      5793.8700
71.1000       183669.0      5793.8700
71.2000       191758.0      5793.8700
71.3000       194053.0      5793.8700
71.4000       193627.0      5793.8700
71.5000       199146.0      5793.8700
71.6000       180957.0      5793.8700
71.7000       186945.0      5793.8700
71.8000       188545.0      5793.8700
71.9000       185166.0      5793.8700
72.0000       185908.0      5793.8700
72.1000       197364.0      5793.8700
72.2000       183778.0      5793.8700
72.3000       188562.0      5793.8700
72.4000       201240.0      5793.8700
72.5000       192896.0      5793.8700
72.6000       192286.0      5793.8700
72.7000       191671.0      5793.8700
72.8000       197751.0      5793.8700
72.9000       178957.0      5793.8700
73.0000       182019.0      5793.8700
73.1000       192786.0      5793.8700
73.2000       181774.0      5793.8700
73.3000       192072.0      5793.8700
73.4000       197331.0      5793.8700
73.5000       197019.0      5793.8700
73.6000       183535.0      5793.8700
73.7000       186148.0      5793.8700
73.8000       183351.0      5793.8700
73.9000       183620.0      5793.8700
74.0000       199530.0      5793.8700
74.1000       183627.0      5793.8700
74.2000       185366.0      5793.8700
74.3000       187315.0      5793.8700
74.4000       191938.0      5793.8700
74.5000       196022.0      5793.8700
74.6000       184948.0      5793.8700
74.7000       195927.0      5793.8700
74.8000       184506.0      5793.8700
74.9000       176533.0      5793.8700
75.0000       176310.0      5793.8700
75.1000       190773.0      5793.8700
75.2000       187385.0      5793.8700
75.3000       182219.0      5793.8700
75.4000       193783.0      5793.8700
75.5000       187441.0      5793.8700
75.6000       194375.0      5793.8700
75.7000       179853.0      5793.8700
75.8000       190720.0      5793.8700
75.9000       187934.0      5793.8700
76.0000       193226.0      5793.8700
76.1000       195360.0      5793.8700
76.2000       185123.0      5793.8700
76.3000       197883.0      5793.8700
76.4000       188731.0      5793.8700
76.5000       196599.0      5793.8700
76.6000       192190.0      5793.8700
76.7000       195853.0      5793.8700
76.8000       183099.0      5793.8700
76.9000       193953.0      5793.8700
77.0000       192555.0      5793.8700
77.1000       179868.0      5793.8700
77.2000       174827.0      5793.8700
77.3000       194856.0      5793.8700
77.4000       184101.0      5793.8700
77.5000       184389.0      5793.8700
77.6000       196163.0      5793.8700
77.7000       179871.0      5793.8700
77.8000       193471.0      5793.8700
77.9000       187887.0      5793.8700
78.0000       180746.0      5793.8700
78.1000       183988.0      5793.8700
78.2000       180175.0      5793.8700
78.3000       182578.0      5793.8700
78.4000       198886.0      5793.8700
78.5000       190198.0      5793.8700
78.6000       189050.0      5793.8700
78.7000       183735.0      5793.8700
78.8000       191613.0      5793.8700
78.9000       191763.0      5793.8700
79.0000       186910.0      5793.8700
79.1000       185844.0      5793.8700
79.2000       192328.0      5793.8700
79.3000       191197.0      5793.8700
79.4000       187616.0      5793.8700
79.5000       182999.0      5793.8700
79.6000       191609.0      5793.8700
79.7000       179166.0      5793.8700
79.8000       192346.0      5793.8700
79.9000       189266.0      5793.8700
80.0000        35958.5      5793.8700
80.1000        25677.9      5793.8700
80.2000        32506.1      5793.8700
80.3000        32714.3      5793.8700
80.4000        36956.0      5793.8700
80.5000        29818.4      5793.8700
80.6000        23223.7      5793.8700
80.7000        32066.4      5793.8700
80.8000        28174.5      5793.8700
80.9000        41148.5      5793.8700
81.0000        18095.2      5793.8700
81.1000        26760.4      5793.8700
81.2000        25663.4      5793.8700
81.3000        34733.1      5793.8700
81.4000        34142.2      5793.8700
81.5000        27637.4      5793.8700
81.6000        31411.1      5793.8700
81.7000        29348.5      5793.8700
81.8000        34142.7      5793.8700
81.9000        28357.7      5793.8700
82.0000        35623.6      5793.8700
82.1000        20657.8      5793.8700
82.2000        33400.2      5793.8700
82.3000        37784.5      5793.8700
82.4000        29710.9      5793.8700
82.5000        34842.9      5793.8700
82.6000        36785.1      5793.8700
82.7000        36566.4      5793.8700
82.8000        32147.8      5793.8700
82.9000        27467.9      5793.8700
83.0000        37209.4      5793.8700
83.1000        35832.4      5793.8700
83.2000        31417.0      5793.8700
83.3000        39996.7      5793.8700
83.4000        31384.7      5793.8700
83.5000        20109.7      5793.8700
83.6000        27470.2      5793.8700
83.7000        22256.2      5793.8700
83.8000        31283.9      5793.8700
83.9000        32177.4      5793.8700
84.0000        36290.1      5793.8700
84.1000        28638.7      5793.8700
84.2000        36491.0      5793.8700
84.3000        32650.7      5793.8700
84.4000        24694.9      5793.8700
84.5000        22188.3      5793.8700
84.6000        27813.3      5793.8700
84.7000        25777.1      5793.8700
84.8000        40203.6      5793.8700
84.9000        29268.8      5793.8700
85.0000        22526.5      5793.8700
85.1000        32424.9      5793.8700
85.2000        25718.2      5793.8700
85.3000        33779.8      5793.8700
85.4000        28184.9      5793.8700
85.5000        37810.1      5793.8700
85.6000        30904.8      5793.8700
85.7000        33393.7      5793.8700
85.8000        43623.3      5793.8700
85.9000        32419.4      5793.8700
86.0000        23127.5      5793.8700
86.1000        32131.9      5793.8700
86.2000        33873.4      5793.8700
86.3000        28667.0      5793.8700
86.4000        36443.0      5793.8700
86.5000        26696.7      5793.8700
86.6000        24304.6      5793.8700
86.7000        26924.1      5793.8700
86.8000        23998.0      5793.8700
86.9000        23515.4      5793.8700
87.0000        33738.0      5793.8700
87.1000        38814.3      5793.8700
87.2000        36151.4      5793.8700
87.3000        29094.5      5793.8700
87.4000        41499.6      5793.8700
87.5000        33076.6      5793.8700
87.6000        31672.8      5793.8700
87.7000        28933.7      5793.8700
87.8000        27947.4      5793.8700
87.9000        30328.3      5793.8700
88.0000        33118.2      5793.8700
88.1000        29745.1      5793.8700
88.2000        25219.4      5793.8700
88.3000        25546.3      5793.8700
88.4000        30557.8      5793.8700
88.5000        31292.2      5793.8700
88.6000        31366.2      5793.8700
88.7000        26670.6      5793.8700
88.8000        33818.6      5793.8700
88.9000        34416.1      5793.8700
89.0000        30319.0      5793.8700
89.1000        31490.1      5793.8700
89.2000        33018.9      5793.8700
89.3000        27768.2      5793.8700
89.4000        34824.6      5793.8700
89.5000        30352.2      5793.8700
89.6000        13653.6      5793.8700
89.7000        26202.9      5793.8700
89.8000        30093.6      5793.8700
89.9000        39042.9      5793.8700
90.0000       184970.0      5793.8700
90.1000       185497.0      5793.8700
90.2000       184803.0      5793.8700
90.3000       193444.0      5793.8700
90.4000       196087.0      5793.8700
90.5000       193182.0      5793.8700
90.6000       185552.0      5793.8700
90.7000       189528.0      5793.8700
90.8000       197507.0      5793.8700
90.9000       200943.0      5793.8700
91.0000       188113.0      5793.8700
91.1000       184551.0      5793.8700
91.2000       186883.0      5793.8700
91.3000       193175.0      5793.8700
91.4000       192472.0      5793.8700
91.5000       196295.0      5793.8700
91.6000       192507.0      5793.8700
91.7000       199281.0      5793.8700
91.8000       186502.0      5793.8700
91.9000       190733.0      5793.8700
92.0000       178250.0      5793.8700
92.1000       180535.0      5793.8700
92.2000       185431.0      5793.8700
92.3000       196333.0      5793.8700
92.4000       201122.0      5793.8700
92.5000       189943.0      5793.8700
92.6000       190537.0      5793.8700
92.7000       186742.0      5793.8700
92.8000       194283.0      5793.8700
92.9000       185404.0      5793.8700
93.0000       192824.0      5793.8700
93.1000       187509.0      5793.8700
93.2000       191359.0      5793.8700
93.3000       193998.0      5793.8700
93.4000       195090.0      5793.8700
93.5000       191190.0      5793.8700
93.6000       184865.0      5793.8700
93.7000       188159.0      5793.8700
93.8000       197214.0      5793.8700
93.9000       186857.0      5793.8700
94.0000       189108.0      5793.8700
94.1000       192163.0      5793.8700
94.2000       180989.0      5793.8700
94.3000       192462.0      5793.8700
94.4000       193054.0      5793.8700
94.5000       189850.0      5793.8700
94.6000       191403.0      5793.8700
94.7000       193079.0      5793.8700
94.8000       187446.0      5793.8700
94.9000       194052.0      5793.8700
95.0000       188657.0      5793.8700
95.1000       186583.0      5793.8700
95.2000       192600.0      5793.8700
95.3000       197069.0      5793.8700
95.4000       183823.0      5793.8700
95.5000       186820.0      5793.8700
95.6000       187178.0      5793.8700
95.7000       184793.0      5793.8700
95.8000       187506.0      5793.8700
95.9000       193223.0      5793.8700
96.0000       176558.0      5793.8700
96.1000       195938.0      5793.8700
96.2000       192696.0      5793.8700
96.3000       186276.0      5793.8700
96.4000       185576.0      5793.8700
96.5000       183310.0      5793.8700
96.6000       198959.0      5793.8700
96.7000       182894.0      5793.8700
96.8000       190175.0      5793.8700
96.9000       193112.0      5793.8700
97.0000       190925.0      5793.8700
97.1000       192081.0      5793.8700
97.2000       188862.0      5793.8700
97.3000       192169.0      5793.8700
97.4000       187231.0      5793.8700
97.5000       195389.0      5793.8700
97.6000       186970.0      5793.8700
97.7000       187305.0      5793.8700
97.8000       192853.0      5793.8700
97.9000       190621.0      5793.8700
98.0000       182242.0      5793.8700
98.1000       193588.0      5793.8700
98.2000       192242.0      5793.8700
98.3000       194473.0      5793.8700
98.4000       190976.0      5793.8700
98.5000       187759.0      5793.8700
98.6000       192953.0      5793.8700
98.7000       188404.0      5793.8700
98.8000       186033.0      5793.8700
98.9000       193206.0      5793.8700
99.0000       194883.0      5793.8700
99.1000       191215.0      5793.8700
99.2000       186444.0      5793.8700
99.3000       186099.0      5793.8700
99.4000       192649.0      5793.8700
99.5000       185908.0      5793.8700
99.6000       187553.0      5793.8700
99.7000       183708.0      5793.8700
99.8000       204360.0      5793.8700
99.9000       188702.0      5793.8700
100.0000       182895.0      5793.8700
100.1000       196634.0      5793.8700
100.2000       177480.0      5793.8700
100.3000       191561.0      5793.8700
100.4000       198455.0      5793.8700
100.5000       199047.0      5793.8700
100.6000       185641.0      5793.8700
100.7000       187565.0      5793.8700
100.8000       202877.0      5793.8700
100.9000       185970.0      5793.8700
101.0000       198744.0      5793.8700
101.1000       178046.0      5793.8700
101.2000       192005.0      5793.8700
101.3000       196834.0      5793.8700
101.4000       192198.0      5793.8700
101.5000       195847.0      5793.8700
101.6000       203618.0      5793.8700
101.7000       197700.0      5793.8700
101.8000       180956.0      5793.8700
101.9000       192443.0      5793.8700
102.0000       187590.0      5793.8700
102.1000       191294.0      5793.8700
102.2000       186526.0      5793.8700
102.3000       188438.0      5793.8700
102.4000       191453.0      5793.8700
102.5000       183048.0      5793.8700
102.6000       195598.0      5793.8700
102.7000       188659.0      5793.8700
102.8000       191771.0      5793.8700
102.9000       181392.0      5793.8700
103.0000       193808.0      5793.8700
103.1000       201773.0      5793.8700
103.2000       185433.0      5793.8700
103.3000       195760.0      5793.8700
103.4000       186594.0      5793.8700
103.5000       201249.0      5793.8700
103.6000       193102.0      5793.8700
103.7000       197589.0      5793.8700
103.8000       192659.0      5793.8700
103.9000       186579.0      5793.8700
104.0000       193894.0      5793.8700
104.1000       190829.0      5793.8700
104.2000       192302.0      5793.8700
104.3000       188208.0      5793.8700
104.4000       186656.0      5793.8700
104.5000       185848.0      5793.8700
104.6000       185373.0      5793.8700
104.7000       191293.0      5793.8700
104.8000       192010.0      5793.8700
104.9000       188820.0      5793.8700
105.0000       181418.0      5793.8700
105.1000       182986.0      5793.8700
105.2000       203916.0      5793.8700
105.3000       195449.0      5793.8700
105.4000       184296.0      5793.8700
105.5000       191900.0      5793.8700
105.6000       187496.0      5793.8700
105.7000       190028.0      5793.8700
105.8000       182069.0      5793.8700
105.9000       205126.0      5793.8700
106.0000       186315.0      5793.8700
106.1000       191658.0      5793.8700
106.2000       188853.0      5793.8700
106.3000       181986.0      5793.8700
106.4000       188510.0      5793.8700
106.5000       193411.0      5793.8700
106.6000       193005.0      5793.8700
106.7000       196792.0      5793.8700
106.8000       184685.0      5793.8700
106.9000       196252.0      5793.8700
107.0000       191030.0      5793.8700
107.1000       186014.0      5793.8700
107.2000       183246.0      5793.8700
107.3000       190179.0      5793.8700
107.4000       196999.0      5793.8700
107.5000       197562.0      5793.8700
107.6000       192606.0      5793.8700
107.7000       183043.0      5793.8700
107.8000       181990.0      5793.8700
107.9000       197205.0      5793.8700
108.0000       186212.0      5793.8700
108.1000       193832.0      5793.8700
108.2000       180514.0      5793.8700
108.3000       187834.0      5793.8700
108.4000       198074.0      5793.8700
108.5000       180418.0      5793.8700
108.6000       192347.0      5793.8700
108.7000       194511.0      5793.8700
108.8000       182099.0      5793.8700
108.9000       189218.0      5793.8700
109.0000       187617.0      5793.8700
109.1000       199851.0      5793.8700
109.2000       192559.0      5793.8700
109.3000       189636.0      5793.8700
109.4000       190045.0      5793.8700
109.5000       186433.0      5793.8700
109.6000       190687.0      5793.8700
109.7000       201258.0      5793.8700
109.8000       185347.0      5793.8700
109.9000       195850.0      5793.8700
110.0000       182559.0      5793.8700
110.1000       190349.0      5793.8700
110.2000       186115.0      5793.8700
110.3000       182654.0      5793.8700
110.4000       180222.0      5793.8700
110.5000       201181.0      5793.8700
110.6000       197000.0      5793.8700
110.7000       179413.0      5793.8700
110.8000       198946.0      5793.8700
110.9000       188201.0      5793.8700
111.0000       178593.0      5793.8700
111.1000       183188.0      5793.8700
111.2000       198815.0      5793.8700
111.3000       188294.0      5793.8700
111.4000       192395.0      5793.8700
111.5000       187614.0      5793.8700
111.6000       189698.0      5793.8700
111.7000       181254.0      5793.8700
111.8000       187029.0      5793.8700
111.9000       193535.0      5793.8700
112.0000       190027.0      5793.8700
112.1000       183663.0      5793.8700
112.2000       178556.0      5793.8700
112.3000       191615.0      5793.8700
112.4000       182971.0      5793.8700
112.5000       191828.0      5793.8700
112.6000       196203.0      5793.8700
112.7000       190313.0      5793.8700
112.8000       188506.0      5793.8700
112.9000       194877.0      5793.8700
113.0000       186280.0      5793.8700
113.1000       190272.0      5793.8700
113.2000       189394.0      5793.8700
113.3000       181138.0      5793.8700
113.4000       197925.0      5793.8700
113.5000       192656.0      5793.8700
113.6000       192707.0      5793.8700
113.7000       197115.0      5793.8700
113.8000       190510.0      5793.8700
113.9000       193375.0      5793.8700
114.0000       186591.0      5793.8700
114.1000       198189.0      5793.8700
114.2000       193663.0      5793.8700
114.3000       192093.0      5793.8700
114.4000       194270.0      5793.8700
114.5000       186341.0      5793.8700
114.6000       184528.0      5793.8700
114.7000       180991.0      5793.8700
114.8000       193936.0      5793.8700
114.9000       186949.0      5793.8700
115.0000       187636.0      5793.8700
115.1000       186237.0      5793.8700
115.2000       197561.0      5793.8700
115.3000       193719.0      5793.8700
115.4000       195884.0      5793.8700
115.5000       178768.0      5793.8700
115.6000       190876.0      5793.8700
115.7000       191841.0      5793.8700
115.8000       196083.0      5793.8700
115.9000       186993.0      5793.8700
116.0000       195359.0      5793.8700
116.1000       194550.0      5793.8700
116.2000       188130.0      5793.8700
116.3000       189978.0      5793.8700
116.4000       174944.0      5793.8700
116.5000       187688.0      5793.8700
116.6000       190714.0      5793.8700
116.7000       198564.0      5793.8700
116.8000       190564.0      5793.8700
116.9000       193993.0      5793.8700
117.0000       187959.0      5793.8700
117.1000       179918.0      5793.8700
117.2000       181992.0      5793.8700
117.3000       183990.0      5793.8700
117.4000       203937.0      5793.8700
117.5000       192082.0      5793.8700
117.6000       181861.0      5793.8700
117.7000       177611.0      5793.8700
117.8000       193008.0      5793.8700
117.9000       187645.0      5793.8700
118.0000       200815.0      5793.8700
118.1000       189554.0      5793.8700
118.2000       183939.0      5793.8700
118.3000       192491.0      5793.8700
118.4000       182902.0      5793.8700
118.5000       191685.0      5793.8700
118.6000       182215.0      5793.8700
118.7000       188978.0      5793.8700
118.8000       190976.0      5793.8700
118.9000       181184.0      5793.8700
119.0000       189693.0      5793.8700
119.1000       190510.0      5793.8700
119.2000       190344.0      5793.8700
119.3000       193326.0      5793.8700
119.4000       187823.0      5793.8700
119.5000       184116.0      5793.8700
119.6000       183300.0      5793.8700
119.7000       187934.0      5793.8700
119.8000       186581.0      5793.8700
119.9000       195970.0      5793.8700
120.0000       202171.0      5793.8700
120.1000       197085.0      5793.8700
120.2000       187381.0      5793.8700
120.3000       197018.0      5793.8700
120.4000       197020.0      5793.8700
120.5000       193272.0      5793.8700
120.6000       192502.0      5793.8700
120.7000       185254.0      5793.8700
120.8000       188490.0      5793.8700
120.9000       186956.0      5793.8700
121.0000       191353.0      5793.8700
121.1000       188967.0      5793.8700
121.2000       185464.0      5793.8700
121.3000       194533.0      5793.8700
121.4000       189592.0      5793.8700
121.5000       193875.0      5793.8700
121.6000       185248.0      5793.8700
121.7000       189380.0      5793.8700
121.8000       188264.0      5793.8700
121.9000       185289.0      5793.8700
122.0000       175742.0      5793.8700
122.1000       195365.0      5793.8700
122.2000       183763.0      5793.8700
122.3000       188045.0      5793.8700
122.4000       186569.0      5793.8700
122.5000       183986.0      5793.8700
122.6000       190758.0      5793.8700
122.7000       196182.0      5793.8700
122.8000       191030.0      5793.8700
122.9000       198164.0      5793.8700
123.0000       196273.0      5793.8700
123.1000       186275.0      5793.8700
123.2000       188258.0      5793.8700
123.3000       192427.0      5793.8700
123.4000       184328.0      5793.8700
123.5000       195162.0      5793.8700
123.6000       181926.0      5793.8700
123.7000       193101.0      5793.8700
123.8000       188371.0      5793.8700
123.9000       196325.0      5793.8700
124.0000       181533.0      5793.8700
124.1000       191116.0      5793.8700
124.2000       187823.0      5793.8700
124.3000       188700.0      5793.8700
124.4000       188874.0      5793.8700
124.5000       182732.0      5793.8700
124.6000       187607.0      5793.8700
124.7000       182355.0      5793.8700
124.8000       189335.0      5793.8700
124.9000       185774.0      5793.8700
125.0000       185098.0      5793.8700
125.1000       190760.0      5793.8700
125.2000       180012.0      5793.8700
125.3000       196855.0      5793.8700
125.4000       192225.0      5793.8700
125.5000       190822.0      5793.8700
125.6000       179523.0      5793.8700
125.7000       184944.0      5793.8700
125.8000       186501.0      5793.8700
125.9000       185133.0      5793.8700
126.0000       191206.0      5793.8700
126.1000       191765.0      5793.8700
126.2000       195714.0      5793.8700
126.3000       185693.0      5793.8700
126.4000       184284.0      5793.8700
126.5000       183066.0      5793.8700
126.6000       192226.0      5793.8700
126.7000       185108.0      5793.8700
126.8000       190187.0      5793.8700
126.9000       193884.0      5793.8700
127.0000       191503.0      5793.8700
127.1000       179408.0      5793.8700
127.2000       188394.0      5793.8700
127.3000       199621.0      5793.8700
127.4000       189562.0      5793.8700
127.5000       182356.0      5793.8700
127.6000       182384.0      5793.8700
127.7000       193318.0      5793.8700
127.8000       188610.0      5793.8700
127.9000       190038.0      5793.8700
128.0000       182985.0      5793.8700
128.1000       195971.0      5793.8700
128.2000       194811.0      5793.8700
128.3000       190719.0      5793.8700
128.4000       190931.0      5793.8700
128.5000       188091.0      5793.8700
128.6000       196801.0      5793.8700
128.7000       198076.0      5793.8700
128.8000       178117.0      5793.8700
128.9000       179240.0      5793.8700
129.0000       186187.0      5793.8700
129.1000       183905.0      5793.8700
129.2000       190379.0      5793.8700
129.3000       187293.0      5793.8700
129.4000       187806.0      5793.8700
129.5000       179261.0      5793.8700
129.6000       191228.0      5793.8700
129.7000       184158.0      5793.8700
129.8000       195810.0      5793.8700
129.9000       188800.0      5793.8700
130.0000       192304.0      5793.8700
130.1000       175462.0      5793.8700
130.2000       197048.0      5793.8700
130.3000       175297.0      5793.8700
130.4000       191149.0      5793.8700
130.5000       188699.0      5793.8700
130.6000       181495.0      5793.8700
130.7000       174623.0      5793.8700
130.8000       200431.0      5793.8700
130.9000       183577.0      5793.8700
131.0000       188345.0      5793.8700
131.1000       181381.0      5793.8700
131.2000       194305.0      5793.8700
131.3000       194225.0      5793.8700
131.4000       182169.0      5793.8700
131.5000       191202.0      5793.8700
131.6000       193868.0      5793.8700
131.7000       194002.0      5793.8700
131.8000       193705.0      5793.8700
131.9000       194227.0      5793.8700
132.0000       180376.0      5793.8700
132.1000       183565.0      5793.8700
132.2000       191760.0      5793.8700
132.3000       184233.0      5793.8700
132.4000       187178.0      5793.8700
132.5000       194256.0      5793.8700
132.6000       186029.0      5793.8700
132.7000       188417.0      5793.8700
132.8000       192218.0      5793.8700
132.9000       191397.0      5793.8700
133.0000       193907.0      5793.8700
133.1000       180635.0      5793.8700
133.2000       188954.0      5793.8700
133.3000       187854.0      5793.8700
133.4000       198397.0      5793.8700
133.5000       186426.0      5793.8700
133.6000       187963.0      5793.8700
133.7000       196140.0      5793.8700
133.8000       197876.0      5793.8700
133.9000       191392.0      5793.8700
134.0000       192445.0      5793.8700
134.1000       197011.0      5793.8700
134.2000       181290.0      5793.8700
134.3000       192783.0      5793.8700
134.4000       197095.0      5793.8700
134.5000       179327.0      5793.8700
134.6000       195991.0      5793.8700
134.7000       181865.0      5793.8700
134.8000       191813.0      5793.8700
134.9000       182499.0      5793.8700
135.0000       196721.0      5793.8700
135.1000       187937.0      5793.8700
135.2000       193695.0      5793.8700
135.3000       188057.0      5793.8700
135.4000       184774.0      5793.8700
135.5000       187335.0      5793.8700
135.6000       194957.0      5793.8700
135.7000       186184.0      5793.8700
135.8000       192040.0      5793.8700
135.9000       196356.0      5793.8700
136.0000       184842.0      5793.8700
136.1000       195730.0      5793.8700
136.2000       188437.0      5793.8700
136.3000       197296.0      5793.8700
136.4000       187042.0      5793.8700
136.5000       192282.0      5793.8700
136.6000       180551.0      5793.8700
136.7000       189641.0      5793.8700
136.8000       198633.0      5793.8700
136.9000       194576.0      5793.8700
137.0000       182116.0      5793.8700
137.1000       184036.0      5793.8700
137.2000       196451.0      5793.8700
137.3000       189418.0      5793.8700
137.4000       194061.0      5793.8700
137.5000       184128.0      5793.8700
137.6000       187373.0      5793.8700
137.7000       189652.0      5793.8700
137.8000       189315.0      5793.8700
137.9000       171265.0      5793.8700
138.0000       185339.0      5793.8700
138.1000       194036.0      5793.8700
138.2000       193395.0      5793.8700
138.3000       189181.0      5793.8700
138.4000       190402.0      5793.8700
138.5000       182593.0      5793.8700
138.6000       192297.0      5793.8700
138.7000       200866.0      5793.8700
138.8000       181607.0      5793.8700
138.9000       192689.0      5793.8700
139.0000       196092.0      5793.8700
139.1000       181933.0      5793.8700
139.2000       193277.0      5793.8700
139.3000       195339.0      5793.8700
139.4000       187328.0      5793.8700
139.5000       197816.0      5793.8700
139.6000       188176.0      5793.8700
139.7000       193332.0      5793.8700
139.8000       193644.0      5793.8700
139.9000       185378.0      5793.8700
140.0000       203603.0      5793.8700
140.1000       190352.0      5793.8700
140.2000       194499.0      5793.8700
140.3000       188094.0      5793.8700
140.4000       178035.0      5793.8700
140.5000       188172.0      5793.8700
140.6000       197475.0      5793.8700
140.7000       179584.0      5793.8700
140.8000       185285.0      5793.8700
140.9000       189393.0      5793.8700
141.0000       203347.0      5793.8700
141.1000       186509.0      5793.8700
141.2000       187666.0      5793.8700
141.3000       174836.0      5793.8700
141.4000       182553.0      5793.8700
141.5000       196755.0      5793.8700
141.6000       179049.0      5793.8700
141.7000       194695.0      5793.8700
141.8000       193322.0      5793.8700
141.9000       193098.0      5793.8700
142.0000       191970.0      5793.8700
142.1000       188630.0      5793.8700
142.2000       188455.0      5793.8700
142.3000       190030.0      5793.8700
142.4000       193831.0      5793.8700
142.5000       191175.0      5793.8700
142.6000       186209.0      5793.8700
142.7000       201731.0      5793.8700
142.8000       193827.0      5793.8700
142.9000       191810.0      5793.8700
143.0000       184688.0      5793.8700
143.1000       186628.0      5793.8700
143.2000       191528.0      5793.8700
143.3000       200278.0      5793.8700
143.4000       193907.0      5793.8700
143.5000       193628.0      5793.8700
143.6000       184558.0      5793.8700
143.7000       174895.0      5793.8700
143.8000       183248.0      5793.8700
143.9000       194267.0      5793.8700
144.0000       180463.0      5793.8700
144.1000       195580.0      5793.8700
144.2000       191807.0      5793.8700
144.3000       182808.0      5793.8700
144.4000       190116.0      5793.8700
144.5000       190109.0      5793.8700
144.6000       182426.0      5793.8700
144.7000       184730.0      5793.8700
144.8000       200538.0      5793.8700
144.9000       197127.0      5793.8700
145.0000       190907.0      5793.8700
145.1000       194993.0      5793.8700
145.2000       188221.0      5793.8700
145.3000       184674.0      5793.8700
145.4000       182523.0      5793.8700
145.5000       182471.0      5793.8700
145.6000       185920.0      5793.8700
145.7000       191106.0      5793.8700
145.8000       198005.0      5793.8700
145.9000       197327.0      5793.8700
146.0000       185910.0      5793.8700
146.1000       190930.0      5793.8700
146.2000       185521.0      5793.8700
146.3000       184130.0      5793.8700
146.4000       185212.0      5793.8700
146.5000       188626.0      5793.8700
146.6000       198392.0      5793.8700
146.7000       189408.0      5793.8700
146.8000       189299.0      5793.8700
146.9000       198207.0      5793.8700
147.0000       169669.0      5793.8700
147.1000       193193.0      5793.8700
147.2000       197306.0      5793.8700
147.3000       185363.0      5793.8700
147.4000       199996.0      5793.8700
147.5000       184990.0      5793.8700
147.6000       192092.0      5793.8700
147.7000       191929.0      5793.8700
147.8000       190361.0      5793.8700
147.9000       189910.0      5793.8700
148.0000       204431.0      5793.8700
148.1000       189131.0      5793.8700
148.2000       186218.0      5793.8700
148.3000       194676.0      5793.8700
148.4000       191697.0      5793.8700
148.5000       191118.0      5793.8700
148.6000       196357.0      5793.8700
148.7000       188700.0      5793.8700
148.8000       181984.0      5793.8700
148.9000       193491.0      5793.8700
149.0000       189312.0      5793.8700
149.1000       188328.0      5793.8700
149.2000       188169.0      5793.8700
149.3000       191118.0      5793.8700
149.4000       192374.0      5793.8700
149.5000       194725.0      5793.8700
149.6000       182393.0      5793.8700
149.7000       195062.0      5793.8700
149.8000       190637.0      5793.8700
149.9000       184649.0      5793.8700
150.0000       186513.0      5793.8700
150.1000       188243.0      5793.8700
150.2000       188876.0      5793.8700
150.3000       184888.0      5793.8700
150.4000       185779.0      5793.8700
150.5000       189171.0      5793.8700
150.6000       188338.0      5793.8700
150.7000       196826.0      5793.8700
150.8000       189590.0      5793.8700
150.9000       185740.0      5793.8700
151.0000       194974.0      5793.8700
151.1000       197642.0      5793.8700
151.2000       184557.0      5793.8700
151.3000       186117.0      5793.8700
151.4000       188139.0      5793.8700
151.5000       186221.0      5793.8700
151.6000       187890.0      5793.8700
151.7000       186730.0      5793.8700
151.8000       201071.0      5793.8700
151.9000       184354.0      5793.8700
152.0000       189135.0      5793.8700
152.1000       195443.0      5793.8700
152.2000       191227.0      5793.8700
152.3000       187080.0      5793.8700
152.4000       196512.0      5793.8700
152.5000       180477.0      5793.8700
152.6000       186542.0      5793.8700
152.7000       181015.0      5793.8700
152.8000       187197.0      5793.8700
152.9000       194621.0      5793.8700
153.0000       193683.0      5793.8700
153.1000       187295.0      5793.8700
153.2000       184950.0      5793.8700
153.3000       193671.0      5793.8700
153.4000       175034.0      5793.8700
153.5000       189694.0      5793.8700
153.6000       197188.0      5793.8700
153.7000       187719.0      5793.8700
153.8000       195991.0      5793.8700
153.9000       185353.0      5793.8700
154.0000       183808.0      5793.8700
154.1000       186208.0      5793.8700
154.2000       191333.0      5793.8700
154.3000       187009.0      5793.8700
154.4000       173806.0      5793.8700
154.5000       182524.0      5793.8700
154.6000       191047.0      5793.8700
154.7000       190545.0      5793.8700
154.8000       187712.0      5793.8700
154.9000       191707.0      5793.8700
155.0000       187010.0      5793.8700
155.1000       184349.0      5793.8700
155.2000       184714.0      5793.8700
155.3000       182826.0      5793.8700
155.4000       195044.0      5793.8700
155.5000       184079.0      5793.8700
155.6000       193354.0      5793.8700
155.7000       183544.0      5793.8700
155.8000       193098.0      5793.8700
155.9000       181738.0      5793.8700
156.0000       191348.0      5793.8700
156.1000       189293.0      5793.8700
156.2000       195004.0      5793.8700
156.3000       192618.0      5793.8700
156.4000       194515.0      5793.8700
156.5000       198519.0      5793.8700
156.6000       196988.0      5793.8700
156.7000       194139.0      5793.8700
156.8000       186624.0      5793.8700
156.9000       187597.0      5793.8700
157.0000       189239.0      5793.8700
157.1000       182378.0      5793.8700
157.2000       185239.0      5793.8700
157.3000       177281.0      5793.8700
157.4000       195844.0      5793.8700
157.5000       184404.0      5793.8700
157.6000       193308.0      5793.8700
157.7000       183216.0      5793.8700
157.8000       198992.0      5793.8700
157.9000       196396.0      5793.8700
158.0000       176890.0      5793.8700
158.1000       171895.0      5793.8700
158.2000       195146.0      5793.8700
158.3000       173988.0      5793.8700
158.4000       200695.0      5793.8700
158.5000       199512.0      5793.8700
158.6000       197368.0      5793.8700
158.7000       184407.0      5793.8700
158.8000       186990.0      5793.8700
158.9000       189473.0      5793.8700
159.0000       189970.0      5793.8700
159.1000       185306.0      5793.8700
159.2000       196777.0      5793.8700
159.3000       193793.0      5793.8700
159.4000       193573.0      5793.8700
159.5000       183552.0      5793.8700
159.6000       184661.0      5793.8700
159.7000       193481.0      5793.8700
159.8000       172262.0      5793.8700
159.9000       182739.0      5793.8700
160.0000       194733.0      5793.8700
160.1000       198045.0      5793.8700
160.2000       190504.0      5793.8700
160.3000       193309.0      5793.8700
160.4000       185060.0      5793.8700
160.5000       188353.0      5793.8700
160.6000       190905.0      5793.8700
160.7000       196583.0      5793.8700
160.8000       192113.0      5793.8700
160.9000       189631.0      5793.8700
161.0000       201352.0      5793.8700
161.1000       186465.0      5793.8700
161.2000       187742.0      5793.8700
161.3000       185337.0      5793.8700
161.4000       184885.0      5793.8700
161.5000       184021.0      5793.8700
161.6000       178467.0      5793.8700
161.7000       198539.0      5793.8700
161.8000       183248.0      5793.8700
161.9000       184911.0      5793.8700
162.0000       191002.0      5793.8700
162.1000       185756.0      5793.8700
162.2000       179094.0      5793.8700
162.3000       181419.0      5793.8700
162.4000       187005.0      5793.8700
162.5000       192354.0      5793.8700
162.6000       186875.0      5793.8700
162.7000       194427.0      5793.8700
162.8000       191062.0      5793.8700
162.9000       188416.0      5793.8700
163.0000       186406.0      5793.8700
163.1000       187359.0      5793.8700
163.2000       197701.0      5793.8700
163.3000       186255.0      5793.8700
163.4000       183576.0      5793.8700
163.5000       185870.0      5793.8700
163.6000       192445.0      5793.8700
163.7000       187028.0      5793.8700
163.8000       193655.0      5793.8700
163.9000       190781.0      5793.8700
164.0000       186681.0      5793.8700
164.1000       181851.0      5793.8700
164.2000       191965.0      5793.8700
164.3000       187292.0      5793.8700
164.4000       194060.0      5793.8700
164.5000       183353.0      5793.8700
164.6000       186324.0      5793.8700
164.7000       191613.0      5793.8700
164.8000       195233.0      5793.8700
164.9000       188628.0      5793.8700
165.0000       183702.0      5793.8700
165.1000       190348.0      5793.8700
165.2000       199442.0      5793.8700
165.3000       202863.0      5793.8700
165.4000       203809.0      5793.8700
165.5000       188625.0      5793.8700
165.6000       186169.0      5793.8700
165.7000       184354.0      5793.8700
165.8000       188378.0      5793.8700
165.9000       188029.0      5793.8700
166.0000       196914.0      5793.8700
166.1000       195343.0      5793.8700
166.2000       186768.0      5793.8700
166.3000       184767.0      5793.8700
166.4000       188649.0      5793.8700
166.5000       179766.0      5793.8700
166.6000       191517.0      5793.8700
166.7000       190960.0      5793.8700
166.8000       185576.0      5793.8700
166.9000       191435.0      5793.8700
167.0000       177940.0      5793.8700
167.1000       185998.0      5793.8700
167.2000       175536.0      5793.8700
167.3000       184139.0      5793.8700
167.4000       194340.0      5793.8700
167.5000       183476.0      5793.8700
167.6000       200656.0      5793.8700
167.7000       184492.0      5793.8700
167.8000       204617.0      5793.8700
167.9000       199110.0      5793.8700
168.0000       191581.0      5793.8700
168.1000       188003.0      5793.8700
168.2000       185024.0      5793.8700
168.3000       191787.0      5793.8700
168.4000       186765.0      5793.8700
168.5000       194482.0      5793.8700
168.6000       194163.0      5793.8700
168.7000       187510.0      5793.8700
168.8000       193846.0      5793.8700
168.9000       192185.0      5793.8700
169.0000       192752.0      5793.8700
169.1000       183901.0      5793.8700
169.2000       189088.0      5793.8700
169.3000       189786.0      5793.8700
169.4000       178924.0      5793.8700
169.5000       193755.0      5793.8700
169.6000       197025.0      5793.8700
169.7000       191335.0      5793.8700
169.8000       189828.0      5793.8700
169.9000       185857.0      5793.8700
170.0000       191195.0      5793.8700
