# Synthetic Lorentzian Profile
# centroid = 9.2
# gamma = 2.3
# amplitude = 1.2
# sigmas = 5%
# COLUMN 1 - Abscissa
# COLUMN 2 - Ordinate
# COLUMN 3 - Sigma
     0.00000000     0.01675149     0.00083757
     0.05000000     0.01693221     0.00084661
     0.10000000     0.01711586     0.00085579
     0.15000001     0.01730249     0.00086512
     0.20000000     0.01749218     0.00087461
     0.25000000     0.01768499     0.00088425
     0.30000001     0.01788098     0.00089405
     0.34999999     0.01808023     0.00090401
     0.40000001     0.01828281     0.00091414
     0.44999999     0.01848880     0.00092444
     0.50000000     0.01869826     0.00093491
     0.55000001     0.01891129     0.00094556
     0.60000002     0.01912795     0.00095640
     0.64999998     0.01934834     0.00096742
     0.69999999     0.01957253     0.00097863
     0.75000000     0.01980062     0.00099003
     0.80000001     0.02003269     0.00100163
     0.85000002     0.02026885     0.00101344
     0.89999998     0.02050917     0.00102546
     0.94999999     0.02075377     0.00103769
     1.00000000     0.02100274     0.00105014
     1.04999995     0.02125618     0.00106281
     1.10000002     0.02151421     0.00107571
     1.14999998     0.02177694     0.00108885
     1.20000005     0.02204447     0.00110222
     1.25000000     0.02231693     0.00111585
     1.29999995     0.02259444     0.00112972
     1.35000002     0.02287712     0.00114386
     1.39999998     0.02316509     0.00115825
     1.45000005     0.02345850     0.00117293
     1.50000000     0.02375748     0.00118787
     1.54999995     0.02406216     0.00120311
     1.60000002     0.02437270     0.00121864
     1.64999998     0.02468925     0.00123446
     1.70000005     0.02501194     0.00125060
     1.75000000     0.02534096     0.00126705
     1.79999995     0.02567646     0.00128382
     1.85000002     0.02601861     0.00130093
     1.89999998     0.02636759     0.00131838
     1.95000005     0.02672358     0.00133618
     2.00000000     0.02708677     0.00135434
     2.04999995     0.02745734     0.00137287
     2.09999990     0.02783550     0.00139178
     2.15000010     0.02822146     0.00141107
     2.20000005     0.02861543     0.00143077
     2.25000000     0.02901764     0.00145088
     2.29999995     0.02942830     0.00147142
     2.34999990     0.02984766     0.00149238
     2.40000010     0.03027596     0.00151380
     2.45000005     0.03071345     0.00153567
     2.50000000     0.03116040     0.00155802
     2.54999995     0.03161709     0.00158085
     2.59999990     0.03208378     0.00160419
     2.65000010     0.03256077     0.00162804
     2.70000005     0.03304837     0.00165242
     2.75000000     0.03354689     0.00167734
     2.79999995     0.03405665     0.00170283
     2.84999990     0.03457798     0.00172890
     2.90000010     0.03511125     0.00175556
     2.95000005     0.03565681     0.00178284
     3.00000000     0.03621503     0.00181075
     3.04999995     0.03678631     0.00183932
     3.09999990     0.03737105     0.00186855
     3.15000010     0.03796968     0.00189848
     3.20000005     0.03858263     0.00192913
     3.25000000     0.03921035     0.00196052
     3.29999995     0.03985333     0.00199267
     3.34999990     0.04051203     0.00202560
     3.40000010     0.04118700     0.00205935
     3.45000005     0.04187873     0.00209394
     3.50000000     0.04258781     0.00212939
     3.54999995     0.04331479     0.00216574
     3.59999990     0.04406028     0.00220301
     3.65000010     0.04482491     0.00224125
     3.70000005     0.04560931     0.00228047
     3.75000000     0.04641419     0.00232071
     3.79999995     0.04724023     0.00236201
     3.84999990     0.04808816     0.00240441
     3.90000010     0.04895878     0.00244794
     3.95000005     0.04985287     0.00249264
     4.00000000     0.05077127     0.00253856
     4.05000019     0.05171486     0.00258574
     4.09999990     0.05268454     0.00263423
     4.15000010     0.05368128     0.00268406
     4.19999981     0.05470605     0.00273530
     4.25000000     0.05575993     0.00278800
     4.30000019     0.05684398     0.00284220
     4.34999990     0.05795935     0.00289797
     4.40000010     0.05910724     0.00295536
     4.44999981     0.06028889     0.00301444
     4.50000000     0.06150561     0.00307528
     4.55000019     0.06275878     0.00313794
     4.59999990     0.06404982     0.00320249
     4.65000010     0.06538026     0.00326901
     4.69999981     0.06675165     0.00333758
     4.75000000     0.06816569     0.00340828
     4.80000019     0.06962409     0.00348120
     4.84999990     0.07112868     0.00355643
     4.90000010     0.07268140     0.00363407
     4.94999981     0.07428424     0.00371421
     5.00000000     0.07593936     0.00379697
     5.05000019     0.07764898     0.00388245
     5.09999990     0.07941542     0.00397077
     5.15000010     0.08124120     0.00406206
     5.19999981     0.08312888     0.00415644
     5.25000000     0.08508126     0.00425406
     5.30000019     0.08710118     0.00435506
     5.34999990     0.08919171     0.00445959
     5.40000010     0.09135608     0.00456780
     5.44999981     0.09359767     0.00467988
     5.50000000     0.09592008     0.00479600
     5.55000019     0.09832709     0.00491635
     5.59999990     0.10082269     0.00504113
     5.65000010     0.10341115     0.00517056
     5.69999981     0.10609689     0.00530484
     5.75000000     0.10888471     0.00544424
     5.80000019     0.11177957     0.00558898
     5.84999990     0.11478678     0.00573934
     5.90000010     0.11791199     0.00589560
     5.94999981     0.12116113     0.00605806
     6.00000000     0.12454055     0.00622703
     6.05000019     0.12805694     0.00640285
     6.09999990     0.13171737     0.00658587
     6.15000010     0.13552944     0.00677647
     6.19999981     0.13950109     0.00697505
     6.25000000     0.14364092     0.00718205
     6.30000019     0.14795791     0.00739790
     6.34999990     0.15246163     0.00762308
     6.40000010     0.15716238     0.00785812
     6.44999981     0.16207092     0.00810355
     6.50000000     0.16719887     0.00835994
     6.55000019     0.17255846     0.00862792
     6.59999990     0.17816271     0.00890814
     6.65000010     0.18402560     0.00920128
     6.69999981     0.19016176     0.00950809
     6.75000000     0.19658707     0.00982935
     6.80000019     0.20331809     0.01016590
     6.84999990     0.21037257     0.01051863
     6.90000010     0.21776944     0.01088847
     6.94999981     0.22552858     0.01127643
     7.00000000     0.23367143     0.01168357
     7.05000019     0.24222042     0.01211102
     7.09999990     0.25119936     0.01255997
     7.15000010     0.26063356     0.01303168
     7.19999981     0.27054957     0.01352748
     7.25000000     0.28097567     0.01404878
     7.30000019     0.29194131     0.01459707
     7.34999990     0.30347738     0.01517387
     7.40000010     0.31561652     0.01578083
     7.44999981     0.32839224     0.01641961
     7.50000000     0.34183982     0.01709199
     7.55000019     0.35599518     0.01779976
     7.59999990     0.37089509     0.01854475
     7.65000010     0.38657728     0.01932886
     7.69999981     0.40307909     0.02015395
     7.75000000     0.42043805     0.02102190
     7.80000019     0.43869019     0.02193451
     7.84999990     0.45786968     0.02289348
     7.90000010     0.47800842     0.02390042
     7.94999981     0.49913347     0.02495667
     8.00000000     0.52126706     0.02606335
     8.05000019     0.54442364     0.02722118
     8.10000038     0.56860840     0.02843042
     8.14999962     0.59381437     0.02969072
     8.19999981     0.62002158     0.03100108
     8.25000000     0.64719111     0.03235956
     8.30000019     0.67526406     0.03376320
     8.35000038     0.70415682     0.03520784
     8.39999962     0.73375785     0.03668789
     8.44999981     0.76392579     0.03819629
     8.50000000     0.79448289     0.03972415
     8.55000019     0.82521516     0.04126076
     8.60000038     0.85586965     0.04279348
     8.64999962     0.88615376     0.04430769
     8.69999981     0.91573930     0.04578697
     8.75000000     0.94426244     0.04721312
     8.80000019     0.97133243     0.04856662
     8.85000038     0.99654013     0.04982701
     8.89999962     1.01946902     0.05097345
     8.94999981     1.03971124     0.05198556
     9.00000000     1.05688083     0.05284404
     9.05000019     1.07063210     0.05353161
     9.10000038     1.08067560     0.05403378
     9.14999962     1.08679247     0.05433962
     9.19999981     1.08884692     0.05444235
     9.25000000     1.08679247     0.05433962
     9.30000019     1.08067536     0.05403377
     9.35000038     1.07063186     0.05353159
     9.39999962     1.05688083     0.05284404
     9.44999981     1.03971124     0.05198556
     9.50000000     1.01946902     0.05097345
     9.55000019     0.99653965     0.04982698
     9.60000038     0.97133195     0.04856660
     9.64999962     0.94426244     0.04721312
     9.69999981     0.91573930     0.04578697
     9.75000000     0.88615376     0.04430769
     9.80000019     0.85586905     0.04279345
     9.85000038     0.82521456     0.04126073
     9.89999962     0.79448289     0.03972415
     9.94999981     0.76392579     0.03819629
    10.00000000     0.73375785     0.03668789
    10.05000019     0.70415634     0.03520782
    10.10000038     0.67526346     0.03376317
    10.14999962     0.64719111     0.03235956
    10.19999981     0.62002158     0.03100108
    10.25000000     0.59381437     0.02969072
    10.30000019     0.56860793     0.02843040
    10.35000038     0.54442316     0.02722116
    10.39999962     0.52126706     0.02606335
    10.44999981     0.49913347     0.02495667
    10.50000000     0.47800824     0.02390041
    10.55000019     0.45786953     0.02289348
    10.60000038     0.43868983     0.02193449
    10.64999962     0.42043805     0.02102190
    10.69999981     0.40307909     0.02015395
    10.75000000     0.38657713     0.01932886
    10.80000019     0.37089494     0.01854475
    10.85000038     0.35599491     0.01779975
    10.89999962     0.34183982     0.01709199
    10.94999981     0.32839224     0.01641961
    11.00000000     0.31561640     0.01578082
    11.05000019     0.30347729     0.01517386
    11.10000038     0.29194108     0.01459705
    11.14999962     0.28097567     0.01404878
    11.19999981     0.27054957     0.01352748
    11.25000000     0.26063347     0.01303167
    11.30000019     0.25119922     0.01255996
    11.35000038     0.24222025     0.01211101
    11.39999962     0.23367143     0.01168357
    11.44999981     0.22552858     0.01127643
    11.50000000     0.21776935     0.01088847
    11.55000019     0.21037248     0.01051862
    11.60000038     0.20331798     0.01016590
    11.64999962     0.19658707     0.00982935
    11.69999981     0.19016176     0.00950809
    11.75000000     0.18402556     0.00920128
    11.80000019     0.17816265     0.00890813
    11.85000038     0.17255837     0.00862792
    11.89999962     0.16719887     0.00835994
    11.94999981     0.16207092     0.00810355
    12.00000000     0.15716232     0.00785812
    12.05000019     0.15246159     0.00762308
    12.10000038     0.14795782     0.00739789
    12.14999962     0.14364092     0.00718205
    12.19999981     0.13950109     0.00697505
    12.25000000     0.13552940     0.00677647
    12.30000019     0.13171732     0.00658587
    12.35000038     0.12805688     0.00640284
    12.39999962     0.12454055     0.00622703
    12.44999981     0.12116113     0.00605806
    12.50000000     0.11791196     0.00589560
    12.55000019     0.11478674     0.00573934
    12.60000038     0.11177951     0.00558898
    12.64999962     0.10888471     0.00544424
    12.69999981     0.10609689     0.00530484
    12.75000000     0.10341112     0.00517056
    12.80000019     0.10082266     0.00504113
    12.85000038     0.09832705     0.00491635
    12.89999962     0.09592008     0.00479600
    12.94999981     0.09359767     0.00467988
    13.00000000     0.09135606     0.00456780
    13.05000019     0.08919169     0.00445958
    13.10000038     0.08710114     0.00435506
    13.14999962     0.08508126     0.00425406
    13.19999981     0.08312888     0.00415644
    13.25000000     0.08124118     0.00406206
    13.30000019     0.07941540     0.00397077
    13.35000038     0.07764894     0.00388245
    13.39999962     0.07593936     0.00379697
    13.44999981     0.07428424     0.00371421
    13.50000000     0.07268138     0.00363407
    13.55000019     0.07112867     0.00355643
    13.60000038     0.06962407     0.00348120
    13.64999962     0.06816569     0.00340828
    13.69999981     0.06675165     0.00333758
    13.75000000     0.06538025     0.00326901
    13.80000019     0.06404981     0.00320249
    13.85000038     0.06275876     0.00313794
    13.89999962     0.06150561     0.00307528
    13.94999981     0.06028889     0.00301444
    14.00000000     0.05910723     0.00295536
    14.05000019     0.05795934     0.00289797
    14.10000038     0.05684396     0.00284220
    14.14999962     0.05575993     0.00278800
    14.19999981     0.05470605     0.00273530
    14.25000000     0.05368127     0.00268406
    14.30000019     0.05268453     0.00263423
    14.35000038     0.05171484     0.00258574
    14.39999962     0.05077127     0.00253856
    14.44999981     0.04985287     0.00249264
    14.50000000     0.04895877     0.00244794
    14.55000019     0.04808816     0.00240441
    14.60000038     0.04724021     0.00236201
    14.64999962     0.04641419     0.00232071
    14.69999981     0.04560931     0.00228047
    14.75000000     0.04482491     0.00224125
    14.80000019     0.04406027     0.00220301
    14.85000038     0.04331478     0.00216574
    14.89999962     0.04258781     0.00212939
    14.94999981     0.04187873     0.00209394
    15.00000000     0.04118698     0.00205935
    15.05000019     0.04051203     0.00202560
    15.10000038     0.03985332     0.00199267
    15.14999962     0.03921035     0.00196052
    15.19999981     0.03858263     0.00192913
    15.25000000     0.03796968     0.00189848
    15.30000019     0.03737105     0.00186855
    15.35000038     0.03678630     0.00183932
    15.39999962     0.03621503     0.00181075
    15.44999981     0.03565681     0.00178284
    15.50000000     0.03511125     0.00175556
    15.55000019     0.03457798     0.00172890
    15.60000038     0.03405664     0.00170283
    15.64999962     0.03354689     0.00167734
    15.69999981     0.03304837     0.00165242
    15.75000000     0.03256077     0.00162804
    15.80000019     0.03208377     0.00160419
    15.85000038     0.03161708     0.00158085
    15.89999962     0.03116040     0.00155802
    15.94999981     0.03071345     0.00153567
    16.00000000     0.03027595     0.00151380
    16.04999924     0.02984766     0.00149238
    16.10000038     0.02942829     0.00147141
    16.14999962     0.02901764     0.00145088
    16.20000076     0.02861542     0.00143077
    16.25000000     0.02822146     0.00141107
    16.29999924     0.02783551     0.00139178
    16.35000038     0.02745733     0.00137287
    16.39999962     0.02708677     0.00135434
    16.45000076     0.02672357     0.00133618
    16.50000000     0.02636759     0.00131838
    16.54999924     0.02601862     0.00130093
    16.60000038     0.02567646     0.00128382
    16.64999962     0.02534096     0.00126705
    16.70000076     0.02501194     0.00125060
    16.75000000     0.02468924     0.00123446
    16.79999924     0.02437270     0.00121864
    16.85000038     0.02406216     0.00120311
    16.89999962     0.02375748     0.00118787
    16.95000076     0.02345850     0.00117292
    17.00000000     0.02316509     0.00115825
    17.04999924     0.02287712     0.00114386
    17.10000038     0.02259444     0.00112972
    17.14999962     0.02231693     0.00111585
    17.20000076     0.02204447     0.00110222
    17.25000000     0.02177694     0.00108885
    17.29999924     0.02151421     0.00107571
    17.35000038     0.02125618     0.00106281
    17.39999962     0.02100274     0.00105014
    17.45000076     0.02075376     0.00103769
    17.50000000     0.02050917     0.00102546
    17.54999924     0.02026885     0.00101344
    17.60000038     0.02003269     0.00100163
    17.64999962     0.01980062     0.00099003
    17.70000076     0.01957253     0.00097863
    17.75000000     0.01934834     0.00096742
    17.79999924     0.01912795     0.00095640
    17.85000038     0.01891129     0.00094556
    17.89999962     0.01869826     0.00093491
    17.95000076     0.01848879     0.00092444
    18.00000000     0.01828281     0.00091414
    18.04999924     0.01808023     0.00090401
    18.10000038     0.01788098     0.00089405
    18.14999962     0.01768499     0.00088425
    18.20000076     0.01749218     0.00087461
    18.25000000     0.01730249     0.00086512
    18.29999924     0.01711586     0.00085579
    18.35000038     0.01693221     0.00084661
    18.39999962     0.01675149     0.00083757
    18.45000076     0.01657363     0.00082868
    18.50000000     0.01639858     0.00081993
    18.54999924     0.01622627     0.00081131
    18.60000038     0.01605664     0.00080283
    18.64999962     0.01588966     0.00079448
    18.70000076     0.01572524     0.00078626
    18.75000000     0.01556336     0.00077817
    18.79999924     0.01540396     0.00077020
    18.85000038     0.01524697     0.00076235
    18.89999962     0.01509236     0.00075462
    18.95000076     0.01494008     0.00074700
    19.00000000     0.01479009     0.00073950
    19.04999924     0.01464233     0.00073212
    19.10000038     0.01449677     0.00072484
    19.14999962     0.01435335     0.00071767
    19.20000076     0.01421204     0.00071060
    19.25000000     0.01407281     0.00070364
    19.29999924     0.01393560     0.00069678
    19.35000038     0.01380037     0.00069002
    19.39999962     0.01366710     0.00068336
    19.45000076     0.01353574     0.00067679
    19.50000000     0.01340626     0.00067031
    19.54999924     0.01327862     0.00066393
    19.60000038     0.01315279     0.00065764
    19.64999962     0.01302873     0.00065144
    19.70000076     0.01290640     0.00064532
    19.75000000     0.01278579     0.00063929
    19.79999924     0.01266686     0.00063334
    19.85000038     0.01254957     0.00062748
    19.89999962     0.01243389     0.00062169
    19.95000076     0.01231980     0.00061599
    20.00000000     0.01220727     0.00061036
