    2.120170
    1.966273
    1.964674
    2.042145
    1.595113
    2.006582
    2.044306
    2.126608
    2.613303
    2.047138
    1.379559
    1.926017
    2.138172
    1.986060
    1.474206
    2.492885
    2.705278
    1.561153
    2.371426
    2.051489
    2.251213
    1.872648
    2.157258
    2.238987
    2.130620
    2.485236
    2.857032
    1.976852
    1.718934
    1.827865
    1.697074
    2.083832
    1.820807
    1.969179
    1.966025
    1.966890
    1.947238
    2.392573
    1.962783
    1.982097
    2.091586
    2.125206
    1.766069
    2.291634
    2.058125
    2.321968
    2.344953
    2.207224
    2.194906
    1.825098
    1.763747
    1.662151
    1.700533
    1.961827
    2.183097
    1.857219
    2.009198
    1.881323
    2.317379
    1.846138
    2.065360
    2.551471
    1.893241
    1.795443
    2.505970
    1.902521
    1.562024
    2.066373
    1.181508
    2.302399
    2.339867
    1.947186
    2.011633
    1.690788
    2.039164
    1.705769
    2.137814
    1.902106
    1.849238
    1.628236
    1.800328
    2.031225
    2.519401
    2.175752
    2.190481
    2.290177
    2.066468
    1.765334
    2.092874
    1.951346
    2.502718
    1.775420
    1.966937
    2.231567
    2.376399
    2.191463
    1.880263
    2.228918
    2.371365
    2.415933
