    1.914597       1.450751       2.120170
    2.246571       2.128168       1.966273
    2.016544       1.458143       1.964674
    2.108976       1.952035       2.042145
    1.944303       2.203961       1.595113
    2.126117       1.769667       2.006582
    2.087701       0.457034       2.044306
    2.075154       2.499549       2.126608
    1.940787       2.180487       2.613303
    1.838771       1.595445       2.047138
    2.120154       1.576261       1.379559
    1.546775       1.786660       1.926017
    1.844513       0.713024       2.138172
    2.335435       1.580209       1.986060
    1.690278       1.991463       1.474206
    2.293082       3.032555       2.492885
    1.854492       2.149180       2.705278
    1.847584       1.474595       1.561153
    2.462842       1.813911       2.371426
    1.791767       2.521811       2.051489
    1.939305       1.478838       2.251213
    1.902135       1.767022       1.872648
    2.035463       1.992362       2.157258
    2.431836       2.236873       2.238987
    2.177358       2.393856       2.130620
    2.336211       3.142061       2.485236
    2.249405       2.401977       2.857032
    1.666237       1.874043       1.976852
    2.367712       1.230761       1.718934
    1.834123       2.991336       1.827865
    1.633097       1.980963       1.697074
    2.011806       1.796295       2.083832
    1.814337       1.403784       1.820807
    1.839077       1.708195       1.969179
    2.339021       1.227906       1.966025
    1.688163       2.037653       1.966890
    2.500226       1.942131       1.947238
    1.564254       2.258428       2.392573
    1.572047       1.335517       1.962783
    2.230322       2.163680       1.982097
    2.353690       1.687745       2.091586
    1.902028       1.747038       2.125206
    1.963483       2.066041       1.766069
    1.954426       2.086666       2.291634
    1.901678       1.759980       2.058125
    1.565505       1.910535       2.321968
    2.040306       2.420848       2.344953
    2.453812       1.834025       2.207224
    2.481664       1.387603       2.194906
    2.085170       2.715364       1.825098
    2.106956       2.392220       1.763747
    2.482308       0.776255       1.662151
    1.580471       2.369005       1.700533
    2.456751       1.790201       1.961827
    2.051021       3.231363       2.183097
    1.954707       1.869383       1.857219
    2.218225       2.015839       2.009198
    1.465992       2.785169       1.881323
    2.336044       2.163503       2.317379
    1.567247       2.109362       1.846138
    1.974152       1.807449       2.065360
    2.109194       2.027458       2.551471
    2.030902       2.100718       1.893241
    1.854741       2.290128       1.795443
    1.889915       2.469401       2.505970
    2.212430       1.242418       1.902521
    2.250053       2.463997       1.562024
    1.753861       2.773254       2.066373
    1.775043       2.264279       1.181508
    2.216881       2.667518       2.302399
    2.197067       1.904835       2.339867
    2.319962       2.216427       1.947186
    1.583721       1.940847       2.011633
    1.851331       2.369807       1.690788
    1.722631       2.426713       2.039164
    1.479704       2.251225       1.705769
    1.909976       0.786536       2.137814
    1.854412       2.675792       1.902106
    2.111697       2.579112       1.849238
    1.962367       2.423146       1.628236
    2.795554       2.433120       1.800328
    1.807822       1.886007       2.031225
    1.820074       1.677367       2.519401
    1.819042       1.153503       2.175752
    1.865545       2.111579       2.190481
    2.146699       1.890203       2.290177
    1.845740       2.463087       2.066468
    2.148268       1.957577       1.765334
    1.534907       1.808236       2.092874
    1.707244       2.857707       1.951346
    1.922897       1.923570       2.502718
    2.248585       2.435483       1.775420
    1.709067       1.301505       1.966937
    1.704121       1.223231       2.231567
    1.973737       1.727241       2.376399
    2.256894       2.864400       2.191463
    2.278632       2.347916       1.880263
    2.172003       1.853717       2.228918
    1.961318       1.705200       2.371365
    1.963994       2.470308       2.415933
