    0.934442       0.617632
   -0.941426       0.947437
   -0.020936       0.380272
    1.462458      -1.414873
    0.176026       2.050549
   -0.647333       1.590295
    0.674373       0.265173
    0.738852       2.486699
   -0.092937       1.832073
   -1.457137       1.112254
   -0.409978       0.959579
   -1.392708      -0.770029
    2.118892       0.765787
   -0.200023       1.368004
   -0.356328       2.299527
   -0.879444       1.219635
    2.001840       0.759882
    1.588724       2.046542
    1.484211       0.905687
   -0.613741       1.907695
   -1.265265       1.085445
    1.533141       1.738212
    0.438271       0.087425
    1.113591       0.631155
    0.766838       2.613850
   -0.431804       0.593964
    1.489545       0.952598
   -1.350090       0.716799
   -0.735639       0.358571
    0.576819       2.353564
    0.070899       0.612884
    1.909479      -0.090246
    0.814337      -0.606919
    1.195519       1.902834
   -0.659669       1.063385
   -0.627094       1.219469
    1.116119       1.098427
   -1.093518       1.527245
   -0.061999       1.454865
    0.207363      -0.041482
    0.437577       2.251333
    0.379420       1.017071
   -0.417647       2.399474
   -0.265675       0.353003
   -1.092406       1.987820
   -1.166220       1.343951
    0.793358       1.736288
    0.296259       0.876431
   -0.323269       1.409277
   -1.532333       1.259772
    1.061526       0.101759
    0.200217       1.740733
   -0.321454       2.323585
    0.822541       0.849398
    1.096410      -0.649863
   -0.349654      -0.307021
   -0.922640       0.577093
   -0.907583       0.111701
    0.863487       0.364959
   -0.465750       0.738537
   -2.297263      -3.769868
   -1.009978      -3.277934
   -4.881708      -4.413181
   -6.665779      -3.723659
   -6.170993      -5.008639
   -2.228053      -1.092258
   -3.815680      -5.838516
   -5.836284      -3.826126
   -3.033117      -2.767938
   -3.787732      -3.174994
   -3.880645      -4.492866
   -0.924820      -4.344246
   -5.158798      -3.581367
   -4.563105      -4.164855
   -4.515565      -4.787182
   -1.838379      -4.132411
   -4.652067      -3.760968
   -3.749594      -1.097970
   -3.024136      -4.290875
   -1.250108      -3.924925
   -3.100456      -5.611568
   -1.520195      -5.593912
   -4.013876      -4.148186
   -2.776745      -4.296630
   -1.646515      -3.450932
   -2.606433      -4.169400
   -2.904035      -4.878710
   -4.173800      -5.551964
   -5.400158      -4.165473
   -4.275974      -3.894172
   -4.228175      -4.846779
   -2.993159      -5.080923
   -3.387754      -4.784975
   -4.925964      -5.046120
   -3.290415      -3.386583
   -4.936132      -2.409388
   -3.355195      -5.913965
   -3.561695      -4.367601
   -3.066421      -5.060348
   -2.463568      -3.709971
   -3.170624      -5.830494
   -3.017020      -2.850935
   -1.702398      -4.706414
   -4.189493      -3.473669
   -4.442388      -4.062602
   -2.776121      -5.706926
   -3.636311      -2.551565
   -4.005703      -6.330801
   -5.227800      -3.238268
   -4.114450      -3.190359
   -4.100467      -6.100013
   -3.187124      -2.511692
   -2.431313      -5.571198
   -3.458426      -6.034674
   -6.481932      -4.234156
   -3.080715      -2.946474
   -3.234757      -2.046150
   -3.761172      -4.506915
   -3.772260      -4.209790
   -6.015258      -2.654953
   -6.412173      -4.534154
   -1.601839      -0.804117
   -6.494556      -4.163461
   -4.406396      -5.883888
   -6.269736      -5.423632
   -3.796139      -2.232019
   -2.858086      -4.524745
   -0.886890      -4.612005
   -5.827583      -1.713300
   -3.317703      -3.855996
   -4.961225      -3.476686
   -2.452072      -3.546806
   -3.270569      -3.332418
   -2.704804      -2.549970
   -3.258230      -9.810940
   -1.861122      -2.204612
   -1.302294      -4.750589
   -5.479250      -1.131354
   -4.209006      -3.590277
   -3.489455      -2.670607
   -5.072339      -4.308921
   -4.826187      -5.241323
   -3.743931      -1.843221
   -4.275803      -5.093927
   -4.683988      -3.305852
   -1.693341      -4.960221
   -4.915704      -5.752815
   -5.278379      -3.467739
   -2.497027      -3.944822
   -3.888739      -3.529208
   -4.375511      -3.360915
   -2.792798      -3.661818
   -2.595152      -5.447707
   -3.432350      -4.538236
   -2.698781      -3.185841
   -4.035765      -3.587092
   -3.349114      -4.335633
   -3.201110      -4.961758
   -3.785501      -5.846603
   -4.924317      -4.546667
